0.000900315
0.00179963
0.00269795
0.00359526
0.00449158
0.00538691
0.00628124
0.00717458
0.00806692
0.00895827
0.00984864
0.010738
0.0116264
0.0125138
0.0134002
0.0142856
0.0151701
0.0160535
0.016936
0.0178175
0.018698
0.0195775
0.020456
0.0213336
0.0222102
0.0230858
0.0239605
0.0248341
0.0257068
0.0265786
0.0274493
0.0283191
0.0291879
0.0300557
0.0309226
0.0317885
0.0326535
0.0335174
0.0343805
0.0352425
0.0361036
0.0369637
0.0378229
0.0386811
0.0395384
0.0403947
0.04125
0.0421044
0.0429578
0.0438103
0.0446619
0.0455124
0.0463621
0.0472107
0.0480585
0.0489053
0.0497511
0.050596
0.0514399
0.0522829
0.053125
0.0539661
0.0548063
0.0556455
0.0564838
0.0573212
0.0581576
0.0589931
0.0598277
0.0606613
0.061494
0.0623257
0.0631566
0.0639865
0.0648154
0.0656435
0.0664706
0.0672967
0.068122
0.0689463
0.0697697
0.0705922
0.0714138
0.0722344
0.0730541
0.073873
0.0746908
0.0755078
0.0763239
0.077139
0.0779532
0.0787665
0.0795789
0.0803904
0.081201
0.0820106
0.0828194
0.0836272
0.0844341
0.0852402
0.0860453
0.0868495
0.0876528
0.0884552
0.0892567
0.0900574
0.0908571
0.0916559
0.0924538
0.0932508
0.0940469
0.0948421
0.0956365
0.0964299
0.0972224
0.0980141
0.0988048
0.0995947
0.100384
0.101172
0.101959
0.102745
0.103531
0.104315
0.105099
0.105882
0.106664
0.107445
0.108225
0.109004
0.109782
0.11056
0.111336
0.112112
0.112887
0.113661
0.114434
0.115206
0.115978
0.116748
0.117518
0.118287
0.119055
0.119822
0.120588
0.121353
0.122118
0.122881
0.123644
0.124406
0.125167
0.125927
0.126686
0.127444
0.128202
0.128959
0.129714
0.130469
0.131224
0.131977
0.132729
0.133481
0.134231
0.134981
0.13573
0.136479
0.137226
0.137972
0.138718
0.139463
0.140207
0.14095
0.141692
0.142433
0.143174
0.143914
0.144653
0.145391
0.146128
0.146864
0.1476
0.148334
0.149068
0.149801
0.150533
0.151265
0.151995
0.152725
0.153454
0.154182
0.154909
0.155636
0.156361
0.157086
0.15781
0.158533
0.159255
0.159977
0.160697
0.161417
0.162136
0.162854
0.163572
0.164288
0.165004
0.165719
0.166433
0.167146
0.167859
0.16857
0.169281
0.169991
0.1707
0.171409
0.172116
0.172823
0.173529
0.174234
0.174939
0.175642
0.176345
0.177047
0.177748
0.178449
0.179148
0.179847
0.180545
0.181242
0.181938
0.182634
0.183329
0.184023
0.184716
0.185408
0.1861
0.186791
0.187481
0.18817
0.188859
0.189546
0.190233
0.190919
0.191604
0.192289
0.192973
0.193656
0.194338
0.195019
0.1957
0.19638
0.197059
0.197737
0.198414
0.199091
0.199767
0.200442
0.201117
0.20179
0.202463
0.203135
0.203806
0.204477
0.205147
0.205816
0.206484
0.207151
0.207818
0.208484
0.209149
0.209813
0.210477
0.21114
0.211802
0.212463
0.213124
0.213784
0.214443
0.215101
0.215759
0.216415
0.217071
0.217727
0.218381
0.219035
0.219688
0.22034
0.220992
0.221642
0.222292
0.222942
0.22359
0.224238
0.224885
0.225531
0.226177
0.226822
0.227466
0.228109
0.228751
0.229393
0.230034
0.230675
0.231314
0.231953
0.232591
0.233228
0.233865
0.234501
0.235136
0.23577
0.236404
0.237037
0.237669
0.238301
0.238931
0.239562
0.240191
0.240819
0.241447
0.242074
0.242701
0.243326
0.243951
0.244575
0.245199
0.245822
0.246444
0.247065
0.247686
0.248305
0.248925
0.249543
0.250161
0.250778
0.251394
0.25201
0.252624
0.253239
0.253852
0.254465
0.255077
0.255688
0.256299
0.256908
0.257518
0.258126
0.258734
0.259341
0.259947
0.260553
0.261158
0.261762
0.262365
0.262968
0.26357
0.264172
0.264772
0.265372
0.265972
0.26657
0.267168
0.267765
0.268362
0.268958
0.269553
0.270147
0.270741
0.271334
0.271926
0.272518
0.273109
0.273699
0.274289
0.274877
0.275466
0.276053
0.27664
0.277226
0.277812
0.278396
0.27898
0.279564
0.280147
0.280729
0.28131
0.281891
0.282471
0.28305
0.283628
0.284206
0.284784
0.28536
0.285936
0.286511
0.287086
0.28766
0.288233
0.288806
0.289378
0.289949
0.290519
0.291089
0.291658
0.292227
0.292795
0.293362
0.293928
0.294494
0.295059
0.295624
0.296188
0.296751
0.297314
0.297875
0.298437
0.298997
0.299557
0.300116
0.300675
0.301233
0.30179
0.302347
0.302903
0.303458
0.304012
0.304566
0.30512
0.305672
0.306224
0.306776
0.307326
0.307877
0.308426
0.308975
0.309523
0.31007
0.310617
0.311163
0.311709
0.312254
0.312798
0.313342
0.313884
0.314427
0.314968
0.315509
0.31605
0.31659
0.317129
0.317667
0.318205
0.318742
0.319279
0.319815
0.32035
0.320885
0.321419
0.321952
0.322485
0.323017
0.323548
0.324079
0.324609
0.325139
0.325668
0.326196
0.326724
0.327251
0.327777
0.328303
0.328828
0.329353
0.329877
0.3304
0.330923
0.331445
0.331967
0.332487
0.333008
0.333527
0.334046
0.334565
0.335082
0.335599
0.336116
0.336632
0.337147
0.337662
0.338176
0.338689
0.339202
0.339714
0.340226
0.340737
0.341247
0.341757
0.342266
0.342775
0.343283
0.34379
0.344297
0.344803
0.345308
0.345813
0.346317
0.346821
0.347324
0.347827
0.348329
0.34883
0.34933
0.349831
0.35033
0.350829
0.351327
0.351825
0.352322
0.352818
0.353314
0.35381
0.354304
0.354798
0.355292
0.355785
0.356277
0.356769
0.35726
0.357751
0.358241
0.35873
0.359219
0.359707
0.360195
0.360682
0.361168
0.361654
0.362139
0.362624
0.363108
0.363591
0.364074
0.364557
0.365039
0.36552
0.366
0.36648
0.36696
0.367439
0.367917
0.368395
0.368872
0.369348
0.369824
0.3703
0.370774
0.371249
0.371722
0.372195
0.372668
0.37314
0.373611
0.374082
0.374552
0.375022
0.375491
0.37596
0.376428
0.376895
0.377362
0.377828
0.378294
0.378759
0.379224
0.379688
0.380151
0.380614
0.381076
0.381538
0.381999
0.38246
0.38292
0.383379
0.383838
0.384297
0.384755
0.385212
0.385669
0.386125
0.38658
0.387035
0.38749
0.387944
0.388397
0.38885
0.389302
0.389754
0.390205
0.390656
0.391106
0.391555
0.392004
0.392453
0.392901
0.393348
0.393795
0.394241
0.394687
0.395132
0.395577
0.396021
0.396464
0.396907
0.39735
0.397791
0.398233
0.398674
0.399114
0.399554
0.399993
0.400431
0.400869
0.401307
0.401744
0.402181
0.402617
0.403052
0.403487
0.403921
0.404355
0.404788
0.405221
0.405653
0.406085
0.406516
0.406947
0.407377
0.407806
0.408235
0.408664
0.409092
0.409519
0.409946
0.410373
0.410799
0.411224
0.411649
0.412073
0.412497
0.41292
0.413343
0.413765
0.414187
0.414608
0.415028
0.415449
0.415868
0.416287
0.416706
0.417124
0.417541
0.417958
0.418375
0.418791
0.419206
0.419621
0.420036
0.42045
0.420863
0.421276
0.421688
0.4221
0.422511
0.422922
0.423333
0.423742
0.424152
0.424561
0.424969
0.425377
0.425784
0.426191
0.426597
0.427003
0.427408
0.427813
0.428217
0.428621
0.429024
0.429427
0.429829
0.430231
0.430632
0.431033
0.431433
0.431833
0.432232
0.43263
0.433029
0.433426
0.433824
0.43422
0.434617
0.435012
0.435408
0.435802
0.436197
0.43659
0.436984
0.437376
0.437769
0.43816
0.438552
0.438943
0.439333
0.439723
0.440112
0.440501
0.440889
0.441277
0.441665
0.442051
0.442438
0.442824
0.443209
0.443594
0.443979
0.444363
0.444746
0.445129
0.445512
0.445894
0.446275
0.446656
0.447037
0.447417
0.447797
0.448176
0.448555
0.448933
0.449311
0.449688
0.450065
0.450441
0.450817
0.451192
0.451567
0.451941
0.452315
0.452689
0.453062
0.453434
0.453806
0.454178
0.454549
0.454919
0.45529
0.455659
0.456029
0.456397
0.456766
0.457133
0.457501
0.457868
0.458234
0.4586
0.458965
0.45933
0.459695
0.460059
0.460423
0.460786
0.461148
0.461511
0.461872
0.462234
0.462595
0.462955
0.463315
0.463674
0.464033
0.464392
0.46475
0.465108
0.465465
0.465821
0.466178
0.466533
0.466889
0.467244
0.467598
0.467952
0.468306
0.468659
0.469011
0.469363
0.469715
0.470066
0.470417
0.470768
0.471118
0.471467
0.471816
0.472165
0.472513
0.47286
0.473208
0.473554
0.473901
0.474247
0.474592
0.474937
0.475281
0.475626
0.475969
0.476312
0.476655
0.476998
0.477339
0.477681
0.478022
0.478362
0.478703
0.479042
0.479381
0.47972
0.480059
0.480397
0.480734
0.481071
0.481408
0.481744
0.48208
0.482415
0.48275
0.483084
0.483418
0.483752
0.484085
0.484418
0.48475
0.485082
0.485413
0.485744
0.486075
0.486405
0.486734
0.487064
0.487392
0.487721
0.488049
0.488376
0.488703
0.48903
0.489356
0.489682
0.490008
0.490333
0.490657
0.490981
0.491305
0.491628
0.491951
0.492274
0.492596
0.492917
0.493238
0.493559
0.493879
0.494199
0.494519
0.494838
0.495157
0.495475
0.495793
0.49611
0.496427
0.496744
0.49706
0.497375
0.497691
0.498006
0.49832
0.498634
0.498948
0.499261
0.499574
0.499886
0.500198
0.50051
0.500821
0.501132
0.501442
0.501752
0.502062
0.502371
0.50268
0.502988
0.503296
0.503603
0.50391
0.504217
0.504523
0.504829
0.505135
0.50544
0.505744
0.506049
0.506353
0.506656
0.506959
0.507262
0.507564
0.507866
0.508167
0.508468
0.508769
0.509069
0.509369
0.509668
0.509967
0.510266
0.510564
0.510862
0.511159
0.511456
0.511753
0.512049
0.512345
0.512641
0.512936
0.51323
0.513525
0.513819
0.514112
0.514405
0.514698
0.51499
0.515282
0.515573
0.515865
0.516155
0.516446
0.516736
0.517025
0.517314
0.517603
0.517892
0.51818
0.518467
0.518754
0.519041
0.519328
0.519614
0.5199
0.520185
0.52047
0.520754
0.521038
0.521322
0.521606
0.521889
0.522171
0.522453
0.522735
0.523017
0.523298
0.523579
0.523859
0.524139
0.524418
0.524698
0.524976
0.525255
0.525533
0.52581
0.526088
0.526365
0.526641
0.526917
0.527193
0.527469
0.527744
0.528018
0.528293
0.528567
0.52884
0.529113
0.529386
0.529658
0.52993
0.530202
0.530473
0.530744
0.531015
0.531285
0.531555
0.531824
0.532094
0.532362
0.532631
0.532899
0.533166
0.533433
0.5337
0.533967
0.534233
0.534499
0.534764
0.535029
0.535294
0.535558
0.535822
0.536086
0.536349
0.536612
0.536874
0.537136
0.537398
0.53766
0.537921
0.538181
0.538442
0.538702
0.538961
0.539221
0.539479
0.539738
0.539996
0.540254
0.540511
0.540768
0.541025
0.541282
0.541538
0.541793
0.542049
0.542304
0.542558
0.542812
0.543066
0.54332
0.543573
0.543826
0.544078
0.544331
0.544582
0.544834
0.545085
0.545336
0.545586
0.545836
0.546086
0.546335
0.546584
0.546833
0.547081
0.547329
0.547576
0.547824
0.548071
0.548317
0.548563
0.548809
0.549055
0.5493
0.549545
0.549789
0.550033
0.550277
0.55052
0.550764
0.551006
0.551249
0.551491
0.551733
0.551974
0.552215
0.552456
0.552696
0.552936
0.553176
0.553415
0.553654
0.553893
0.554131
0.554369
0.554607
0.554844
0.555081
0.555318
0.555554
0.55579
0.556026
0.556261
0.556496
0.55673
0.556965
0.557199
0.557432
0.557666
0.557899
0.558131
0.558363
0.558595
0.558827
0.559058
0.559289
0.55952
0.55975
0.55998
0.56021
0.560439
0.560668
0.560897
0.561125
0.561353
0.561581
0.561808
0.562035
0.562262
0.562488
0.562714
0.56294
0.563165
0.56339
0.563615
0.56384
0.564064
0.564287
0.564511
0.564734
0.564957
0.565179
0.565401
0.565623
0.565845
0.566066
0.566287
0.566507
0.566727
0.566947
0.567167
0.567386
0.567605
0.567824
0.568042
0.56826
0.568478
0.568695
0.568912
0.569129
0.569345
0.569561
0.569777
0.569992
0.570208
0.570422
0.570637
0.570851
0.571065
0.571279
0.571492
0.571705
0.571917
0.57213
0.572342
0.572553
0.572765
0.572976
0.573187
0.573397
0.573607
0.573817
0.574026
0.574236
0.574445
0.574653
0.574861
0.575069
0.575277
0.575484
0.575691
0.575898
0.576105
0.576311
0.576517
0.576722
0.576927
0.577132
0.577337
0.577541
0.577745
0.577949
0.578152
0.578355
0.578558
0.57876
0.578963
0.579164
0.579366
0.579567
0.579768
0.579969
0.580169
0.580369
0.580569
0.580769
0.580968
0.581167
0.581365
0.581563
0.581761
0.581959
0.582156
0.582354
0.58255
0.582747
0.582943
0.583139
0.583334
0.58353
0.583725
0.58392
0.584114
0.584308
0.584502
0.584695
0.584889
0.585082
0.585274
0.585467
0.585659
0.58585
0.586042
0.586233
0.586424
0.586615
0.586805
0.586995
0.587185
0.587374
0.587563
0.587752
0.587941
0.588129
0.588317
0.588505
0.588692
0.588879
0.589066
0.589253
0.589439
0.589625
0.589811
0.589996
0.590181
0.590366
0.590551
0.590735
0.590919
0.591103
0.591286
0.591469
0.591652
0.591835
0.592017
0.592199
0.592381
0.592562
0.592744
0.592924
0.593105
0.593285
0.593465
0.593645
0.593825
0.594004
0.594183
0.594361
0.59454
0.594718
0.594896
0.595073
0.595251
0.595428
0.595604
0.595781
0.595957
0.596133
0.596308
0.596484
0.596659
0.596834
0.597008
0.597182
0.597356
0.59753
0.597703
0.597876
0.598049
0.598222
0.598394
0.598566
0.598738
0.59891
0.599081
0.599252
0.599422
0.599593
0.599763
0.599933
0.600102
0.600272
0.600441
0.60061
0.600778
0.600946
0.601114
0.601282
0.60145
0.601617
0.601784
0.60195
0.602117
0.602283
0.602449
0.602614
0.60278
0.602945
0.60311
0.603274
0.603438
0.603602
0.603766
0.60393
0.604093
0.604256
0.604418
0.604581
0.604743
0.604905
0.605067
0.605228
0.605389
0.60555
0.605711
0.605871
0.606031
0.606191
0.60635
0.60651
0.606669
0.606827
0.606986
0.607144
0.607302
0.60746
0.607617
0.607775
0.607932
0.608088
0.608245
0.608401
0.608557
0.608713
0.608868
0.609023
0.609178
0.609333
0.609487
0.609641
0.609795
0.609949
0.610102
0.610255
0.610408
0.610561
0.610713
0.610866
0.611017
0.611169
0.61132
0.611472
0.611622
0.611773
0.611923
0.612074
0.612223
0.612373
0.612522
0.612672
0.61282
0.612969
0.613117
0.613266
0.613413
0.613561
0.613708
0.613856
0.614002
0.614149
0.614295
0.614442
0.614588
0.614733
0.614879
0.615024
0.615169
0.615313
0.615458
0.615602
0.615746
0.61589
0.616033
0.616176
0.616319
0.616462
0.616605
0.616747
0.616889
0.617031
0.617172
0.617313
0.617454
0.617595
0.617736
0.617876
0.618016
0.618156
0.618296
0.618435
0.618574
0.618713
0.618851
0.61899
0.619128
0.619266
0.619404
0.619541
0.619678
0.619815
0.619952
0.620089
0.620225
0.620361
0.620497
0.620632
0.620767
0.620903
0.621037
0.621172
0.621306
0.621441
0.621574
0.621708
0.621842
0.621975
0.622108
0.62224
0.622373
0.622505
0.622637
0.622769
0.622901
0.623032
0.623163
0.623294
0.623425
0.623555
0.623685
0.623815
0.623945
0.624075
0.624204
0.624333
0.624462
0.62459
0.624719
0.624847
0.624975
0.625102
0.62523
0.625357
0.625484
0.625611
0.625737
0.625864
0.62599
0.626116
0.626241
0.626367
0.626492
0.626617
0.626742
0.626866
0.62699
0.627114
0.627238
0.627362
0.627485
0.627608
0.627731
0.627854
0.627977
0.628099
0.628221
0.628343
0.628464
0.628586
0.628707
0.628828
0.628949
0.629069
0.629189
0.629309
0.629429
0.629549
0.629668
0.629787
0.629906
0.630025
0.630144
0.630262
0.63038
0.630498
0.630616
0.630733
0.63085
0.630967
0.631084
0.631201
0.631317
0.631433
0.631549
0.631665
0.63178
0.631896
0.632011
0.632125
0.63224
0.632354
0.632469
0.632583
0.632696
0.63281
0.632923
0.633036
0.633149
0.633262
0.633375
0.633487
0.633599
0.633711
0.633822
0.633934
0.634045
0.634156
0.634267
0.634378
0.634488
0.634598
0.634708
0.634818
0.634927
0.635037
0.635146
0.635255
0.635363
0.635472
0.63558
0.635688
0.635796
0.635904
0.636011
0.636118
0.636225
0.636332
0.636439
0.636545
0.636652
0.636758
0.636863
0.636969
0.637074
0.63718
0.637284
0.637389
0.637494
0.637598
0.637702
0.637806
0.63791
0.638014
0.638117
0.63822
0.638323
0.638426
0.638528
0.638631
0.638733
0.638835
0.638936
0.639038
0.639139
0.63924
0.639341
0.639442
0.639542
0.639643
0.639743
0.639843
0.639943
0.640042
0.640141
0.64024
0.640339
0.640438
0.640537
0.640635
0.640733
0.640831
0.640929
0.641026
0.641124
0.641221
0.641318
0.641414
0.641511
0.641607
0.641703
0.641799
0.641895
0.641991
0.642086
0.642181
0.642276
0.642371
0.642466
0.64256
0.642654
0.642748
0.642842
0.642936
0.643029
0.643122
0.643215
0.643308
0.643401
0.643493
0.643586
0.643678
0.643769
0.643861
0.643953
0.644044
0.644135
0.644226
0.644317
0.644407
0.644498
0.644588
0.644678
0.644768
0.644857
0.644947
0.645036
0.645125
0.645214
0.645302
0.645391
0.645479
0.645567
0.645655
0.645743
0.64583
0.645918
0.646005
0.646092
0.646178
0.646265
0.646351
0.646438
0.646524
0.646609
0.646695
0.646781
0.646866
0.646951
0.647036
0.647121
0.647205
0.647289
0.647374
0.647458
0.647541
0.647625
0.647708
0.647792
0.647875
0.647958
0.64804
0.648123
0.648205
0.648287
0.648369
0.648451
0.648533
0.648614
0.648695
0.648776
0.648857
0.648938
0.649019
0.649099
0.649179
0.649259
0.649339
0.649418
0.649498
0.649577
0.649656
0.649735
0.649814
0.649892
0.649971
0.650049
0.650127
0.650205
0.650283
0.65036
0.650437
0.650514
0.650591
0.650668
0.650745
0.650821
0.650897
0.650973
0.651049
0.651125
0.651201
0.651276
0.651351
0.651426
0.651501
0.651576
0.65165
0.651724
0.651799
0.651873
0.651946
0.65202
0.652093
0.652167
0.65224
0.652313
0.652385
0.652458
0.65253
0.652603
0.652675
0.652747
0.652818
0.65289
0.652961
0.653032
0.653103
0.653174
0.653245
0.653315
0.653386
0.653456
0.653526
0.653596
0.653665
0.653735
0.653804
0.653873
0.653942
0.654011
0.65408
0.654148
0.654217
0.654285
0.654353
0.654421
0.654488
0.654556
0.654623
0.65469
0.654757
0.654824
0.654891
0.654957
0.655023
0.65509
0.655156
0.655221
0.655287
0.655352
0.655418
0.655483
0.655548
0.655613
0.655677
0.655742
0.655806
0.65587
0.655934
0.655998
0.656062
0.656125
0.656189
0.656252
0.656315
0.656378
0.65644
0.656503
0.656565
0.656627
0.656689
0.656751
0.656813
0.656875
0.656936
0.656997
0.657058
0.657119
0.65718
0.65724
0.657301
0.657361
0.657421
0.657481
0.657541
0.657601
0.65766
0.657719
0.657779
0.657837
0.657896
0.657955
0.658013
0.658072
0.65813
0.658188
0.658246
0.658304
0.658361
0.658419
0.658476
0.658533
0.65859
0.658647
0.658703
0.65876
0.658816
0.658872
0.658928
0.658984
0.65904
0.659095
0.659151
0.659206
0.659261
0.659316
0.65937
0.659425
0.65948
0.659534
0.659588
0.659642
0.659696
0.659749
0.659803
0.659856
0.659909
0.659963
0.660015
0.660068
0.660121
0.660173
0.660225
0.660278
0.66033
0.660381
0.660433
0.660485
0.660536
0.660587
0.660638
0.660689
0.66074
0.660791
0.660841
0.660891
0.660942
0.660992
0.661042
0.661091
0.661141
0.66119
0.661239
0.661289
0.661338
0.661386
0.661435
0.661484
0.661532
0.66158
0.661628
0.661676
0.661724
0.661772
0.661819
0.661867
0.661914
0.661961
0.662008
0.662054
0.662101
0.662147
0.662194
0.66224
0.662286
0.662332
0.662378
0.662423
0.662469
0.662514
0.662559
0.662604
0.662649
0.662694
0.662738
0.662783
0.662827
0.662871
0.662915
0.662959
0.663003
0.663046
0.66309
0.663133
0.663176
0.663219
0.663262
0.663304
0.663347
0.663389
0.663432
0.663474
0.663516
0.663558
0.663599
0.663641
0.663682
0.663724
0.663765
0.663806
0.663847
0.663887
0.663928
0.663968
0.664009
0.664049
0.664089
0.664129
0.664168
0.664208
0.664248
0.664287
0.664326
0.664365
0.664404
0.664443
0.664481
0.66452
0.664558
0.664596
0.664634
0.664672
0.66471
0.664748
0.664785
0.664823
0.66486
0.664897
0.664934
0.664971
0.665008
0.665044
0.66508
0.665117
0.665153
0.665189
0.665225
0.665261
0.665296
0.665332
0.665367
0.665402
0.665437
0.665472
0.665507
0.665542
0.665576
0.66561
0.665645
0.665679
0.665713
0.665747
0.66578
0.665814
0.665847
0.665881
0.665914
0.665947
0.66598
0.666013
0.666045
0.666078
0.66611
0.666142
0.666175
0.666207
0.666238
0.66627
0.666302
0.666333
0.666365
0.666396
0.666427
0.666458
0.666489
0.666519
0.66655
0.66658
0.66661
0.666641
0.666671
0.666701
0.66673
0.66676
0.666789
0.666819
0.666848
0.666877
0.666906
0.666935
0.666964
0.666992
0.667021
0.667049
0.667077
0.667105
0.667133
0.667161
0.667189
0.667216
0.667244
0.667271
0.667298
0.667326
0.667352
0.667379
0.667406
0.667432
0.667459
0.667485
0.667511
0.667537
0.667563
0.667589
0.667615
0.66764
0.667666
0.667691
0.667716
0.667741
0.667766
0.667791
0.667816
0.66784
0.667865
0.667889
0.667913
0.667937
0.667961
0.667985
0.668009
0.668032
0.668056
0.668079
0.668102
0.668125
0.668148
0.668171
0.668194
0.668216
0.668239
0.668261
0.668283
0.668305
0.668327
0.668349
0.668371
0.668392
0.668414
0.668435
0.668456
0.668477
0.668498
0.668519
0.66854
0.668561
0.668581
0.668602
0.668622
0.668642
0.668662
0.668682
0.668702
0.668721
0.668741
0.66876
0.66878
0.668799
0.668818
0.668837
0.668856
0.668874
0.668893
0.668911
0.66893
0.668948
0.668966
0.668984
0.669002
0.66902
0.669037
0.669055
0.669072
0.66909
0.669107
0.669124
0.669141
0.669157
0.669174
0.669191
0.669207
0.669224
0.66924
0.669256
0.669272
0.669288
0.669304
0.669319
0.669335
0.66935
0.669366
0.669381
0.669396
0.669411
0.669426
0.66944
0.669455
0.66947
0.669484
0.669498
0.669512
0.669526
0.66954
0.669554
0.669568
0.669581
0.669595
0.669608
0.669622
0.669635
0.669648
0.669661
0.669673
0.669686
0.669699
0.669711
0.669724
0.669736
0.669748
0.66976
0.669772
0.669784
0.669795
0.669807
0.669818
0.66983
0.669841
0.669852
0.669863
0.669874
0.669885
0.669895
0.669906
0.669916
0.669927
0.669937
0.669947
0.669957
0.669967
0.669977
0.669986
0.669996
0.670005
0.670015
0.670024
0.670033
0.670042
0.670051
0.67006
0.670069
0.670077
0.670086
0.670094
0.670102
0.670111
0.670119
0.670127
0.670134
0.670142
0.67015
0.670157
0.670165
0.670172
0.670179
0.670186
0.670193
0.6702
0.670207
0.670213
0.67022
0.670226
0.670233
0.670239
0.670245
0.670251
0.670257
0.670263
0.670269
0.670274
0.67028
0.670285
0.67029
0.670295
0.6703
0.670305
0.67031
0.670315
0.67032
0.670324
0.670329
0.670333
0.670337
0.670341
0.670345
0.670349
0.670353
0.670357
0.67036
0.670364
0.670367
0.670371
0.670374
0.670377
0.67038
0.670383
0.670385
0.670388
0.670391
0.670393
0.670396
0.670398
0.6704
0.670402
0.670404
0.670406
0.670408
0.670409
0.670411
0.670412
0.670414
0.670415
0.670416
0.670417
0.670418
0.670419
0.67042
0.67042
0.670421
0.670421
0.670421
0.670422
0.670422
0.670422
0.670422
0.670422
0.670421
0.670421
0.670421
0.67042
0.670419
0.670419
0.670418
0.670417
0.670416
0.670415
0.670413
0.670412
0.67041
0.670409
0.670407
0.670406
0.670404
0.670402
0.6704
0.670398
0.670395
0.670393
0.670391
0.670388
0.670385
0.670383
0.67038
0.670377
0.670374
0.670371
0.670368
0.670364
0.670361
0.670357
0.670354
0.67035
0.670346
0.670342
0.670338
0.670334
0.67033
0.670326
0.670321
0.670317
0.670312
0.670308
0.670303
0.670298
0.670293
0.670288
0.670283
0.670278
0.670273
0.670267
0.670262
0.670256
0.67025
0.670245
0.670239
0.670233
0.670227
0.67022
0.670214
0.670208
0.670201
0.670195
0.670188
0.670181
0.670175
0.670168
0.670161
0.670154
0.670146
0.670139
0.670132
0.670124
0.670117
0.670109
0.670101
0.670093
0.670085
0.670077
0.670069
0.670061
0.670053
0.670044
0.670036
0.670027
0.670019
0.67001
0.670001
0.669992
0.669983
0.669974
0.669965
0.669955
0.669946
0.669936
0.669927
0.669917
0.669907
0.669898
0.669888
0.669878
0.669868
0.669857
0.669847
0.669837
0.669826
0.669816
0.669805
0.669794
0.669783
0.669772
0.669761
0.66975
0.669739
0.669728
0.669716
0.669705
0.669693
0.669682
0.66967
0.669658
0.669646
0.669634
0.669622
0.66961
0.669598
0.669585
0.669573
0.669561
0.669548
0.669535
0.669522
0.66951
0.669497
0.669484
0.66947
0.669457
0.669444
0.669431
0.669417
0.669403
0.66939
0.669376
0.669362
0.669348
0.669334
0.66932
0.669306
0.669292
0.669278
0.669263
0.669249
0.669234
0.669219
0.669205
0.66919
0.669175
0.66916
0.669145
0.669129
0.669114
0.669099
0.669083
0.669068
0.669052
0.669037
0.669021
0.669005
0.668989
0.668973
0.668957
0.668941
0.668924
0.668908
0.668891
0.668875
0.668858
0.668842
0.668825
0.668808
0.668791
0.668774
0.668757
0.66874
0.668722
0.668705
0.668687
0.66867
0.668652
0.668635
0.668617
0.668599
0.668581
0.668563
0.668545
0.668527
0.668508
0.66849
0.668472
0.668453
0.668434
0.668416
0.668397
0.668378
0.668359
0.66834
0.668321
0.668302
0.668283
0.668263
0.668244
0.668225
0.668205
0.668185
0.668166
0.668146
0.668126
0.668106
0.668086
0.668066
0.668045
0.668025
0.668005
0.667984
0.667964
0.667943
0.667923
0.667902
0.667881
0.66786
0.667839
0.667818
0.667797
0.667775
0.667754
0.667733
0.667711
0.66769
0.667668
0.667646
0.667625
0.667603
0.667581
0.667559
0.667537
0.667514
0.667492
0.66747
0.667447
0.667425
0.667402
0.66738
0.667357
0.667334
0.667311
0.667288
0.667265
0.667242
0.667219
0.667196
0.667172
0.667149
0.667125
0.667102
0.667078
0.667054
0.667031
0.667007
0.666983
0.666959
0.666935
0.66691
0.666886
0.666862
0.666837
0.666813
0.666788
0.666764
0.666739
0.666714
0.666689
0.666664
0.666639
0.666614
0.666589
0.666564
0.666539
0.666513
0.666488
0.666462
0.666437
0.666411
0.666385
0.666359
0.666333
0.666307
0.666281
0.666255
0.666229
0.666203
0.666176
0.66615
0.666123
0.666097
0.66607
0.666043
0.666017
0.66599
0.665963
0.665936
0.665909
0.665882
0.665854
0.665827
0.6658
0.665772
0.665745
0.665717
0.665689
0.665662
0.665634
0.665606
0.665578
0.66555
0.665522
0.665494
0.665465
0.665437
0.665409
0.66538
0.665352
0.665323
0.665294
0.665266
0.665237
0.665208
0.665179
0.66515
0.665121
0.665092
0.665062
0.665033
0.665004
0.664974
0.664945
0.664915
0.664886
0.664856
0.664826
0.664796
0.664766
0.664736
0.664706
0.664676
0.664646
0.664615
0.664585
0.664555
0.664524
0.664493
0.664463
0.664432
0.664401
0.66437
0.66434
0.664309
0.664277
0.664246
0.664215
0.664184
0.664153
0.664121
0.66409
0.664058
0.664026
0.663995
0.663963
0.663931
0.663899
0.663867
0.663835
0.663803
0.663771
0.663739
0.663707
0.663674
0.663642
0.663609
0.663577
0.663544
0.663511
0.663479
0.663446
0.663413
0.66338
0.663347
0.663314
0.663281
0.663247
0.663214
0.663181
0.663147
0.663114
0.66308
0.663047
0.663013
0.662979
0.662945
0.662911
0.662877
0.662843
0.662809
0.662775
0.662741
0.662707
0.662672
0.662638
0.662603
0.662569
0.662534
0.662499
0.662465
0.66243
0.662395
0.66236
0.662325
0.66229
0.662255
0.662219
0.662184
0.662149
0.662113
0.662078
0.662042
0.662007
0.661971
0.661935
0.6619
0.661864
0.661828
0.661792
0.661756
0.66172
0.661684
0.661647
0.661611
0.661575
0.661538
0.661502
0.661465
0.661429
0.661392
0.661355
0.661318
0.661281
0.661244
0.661207
0.66117
0.661133
0.661096
0.661059
0.661021
0.660984
0.660947
0.660909
0.660872
0.660834
0.660796
0.660758
0.660721
0.660683
0.660645
0.660607
0.660569
0.660531
0.660492
0.660454
0.660416
0.660378
0.660339
0.660301
0.660262
0.660223
0.660185
0.660146
0.660107
0.660068
0.660029
0.65999
0.659951
0.659912
0.659873
0.659834
0.659795
0.659755
0.659716
0.659676
0.659637
0.659597
0.659557
0.659518
0.659478
0.659438
0.659398
0.659358
0.659318
0.659278
0.659238
0.659198
0.659158
0.659117
0.659077
0.659036
0.658996
0.658955
0.658915
0.658874
0.658833
0.658793
0.658752
0.658711
0.65867
0.658629
0.658588
0.658547
0.658505
0.658464
0.658423
0.658381
0.65834
0.658298
0.658257
0.658215
0.658174
0.658132
0.65809
0.658048
0.658006
0.657964
0.657922
0.65788
0.657838
0.657796
0.657754
0.657711
0.657669
0.657626
0.657584
0.657541
0.657499
0.657456
0.657413
0.657371
0.657328
0.657285
0.657242
0.657199
0.657156
0.657113
0.65707
0.657026
0.656983
0.65694
0.656896
0.656853
0.656809
0.656766
0.656722
0.656678
0.656635
0.656591
0.656547
0.656503
0.656459
0.656415
0.656371
0.656327
0.656283
0.656238
0.656194
0.65615
0.656105
0.656061
0.656016
0.655972
0.655927
0.655882
0.655838
0.655793
0.655748
0.655703
0.655658
0.655613
0.655568
0.655523
0.655478
0.655433
0.655387
0.655342
0.655296
0.655251
0.655205
0.65516
0.655114
0.655069
0.655023
0.654977
0.654931
0.654885
0.654839
0.654793
0.654747
0.654701
0.654655
0.654609
0.654563
0.654516
0.65447
0.654423
0.654377
0.65433
0.654284
0.654237
0.65419
0.654144
0.654097
0.65405
0.654003
0.653956
0.653909
0.653862
0.653815
0.653768
0.65372
0.653673
0.653626
0.653578
0.653531
0.653483
0.653436
0.653388
0.653341
0.653293
0.653245
0.653197
0.653149
0.653102
0.653054
0.653006
0.652957
0.652909
0.652861
0.652813
0.652765
0.652716
0.652668
0.65262
0.652571
0.652522
0.652474
0.652425
0.652377
0.652328
0.652279
0.65223
0.652181
0.652132
0.652083
0.652034
0.651985
0.651936
0.651887
0.651838
0.651788
0.651739
0.651689
0.65164
0.65159
0.651541
0.651491
0.651442
0.651392
0.651342
0.651292
0.651243
0.651193
0.651143
0.651093
0.651043
0.650992
0.650942
0.650892
0.650842
0.650791
0.650741
0.650691
0.65064
0.65059
0.650539
0.650489
0.650438
0.650387
0.650336
0.650286
0.650235
0.650184
0.650133
0.650082
0.650031
0.64998
0.649929
0.649877
0.649826
0.649775
0.649723
0.649672
0.649621
0.649569
0.649518
0.649466
0.649414
0.649363
0.649311
0.649259
0.649207
0.649155
0.649104
0.649052
0.649
0.648947
0.648895
0.648843
0.648791
0.648739
0.648686
0.648634
0.648582
0.648529
0.648477
0.648424
0.648371
0.648319
0.648266
0.648213
0.648161
0.648108
0.648055
0.648002
0.647949
0.647896
0.647843
0.64779
0.647737
0.647683
0.64763
0.647577
0.647523
0.64747
0.647417
0.647363
0.64731
0.647256
0.647202
0.647149
0.647095
0.647041
0.646987
0.646934
0.64688
0.646826
0.646772
0.646718
0.646664
0.646609
0.646555
0.646501
0.646447
0.646392
0.646338
0.646284
0.646229
0.646175
0.64612
0.646065
0.646011
0.645956
0.645901
0.645847
0.645792
0.645737
0.645682
0.645627
0.645572
0.645517
0.645462
0.645407
0.645352
0.645296
0.645241
0.645186
0.64513
0.645075
0.64502
0.644964
0.644909
0.644853
0.644797
0.644742
0.644686
0.64463
0.644574
0.644518
0.644463
0.644407
0.644351
0.644295
0.644239
0.644182
0.644126
0.64407
0.644014
0.643958
0.643901
0.643845
0.643788
0.643732
0.643675
0.643619
0.643562
0.643506
0.643449
0.643392
0.643335
0.643279
0.643222
0.643165
0.643108
0.643051
0.642994
0.642937
0.64288
0.642823
0.642765
0.642708
0.642651
0.642593
0.642536
0.642479
0.642421
0.642364
0.642306
0.642249
0.642191
0.642133
0.642076
0.642018
0.64196
0.641902
0.641844
0.641786
0.641728
0.64167
0.641612
0.641554
0.641496
0.641438
0.64138
0.641321
0.641263
0.641205
0.641146
0.641088
0.64103
0.640971
0.640912
0.640854
0.640795
0.640737
0.640678
0.640619
0.64056
0.640501
0.640443
0.640384
0.640325
0.640266
0.640207
0.640148
0.640088
0.640029
0.63997
0.639911
0.639851
0.639792
0.639733
0.639673
0.639614
0.639554
0.639495
0.639435
0.639376
0.639316
0.639256
0.639197
0.639137
0.639077
0.639017
0.638957
0.638897
0.638837
0.638777
0.638717
0.638657
0.638597
0.638537
0.638477
0.638416
0.638356
0.638296
0.638235
0.638175
0.638114
0.638054
0.637993
0.637933
0.637872
0.637811
0.637751
0.63769
0.637629
0.637568
0.637508
0.637447
0.637386
0.637325
0.637264
0.637203
0.637142
0.637081
0.637019
0.636958
0.636897
0.636836
0.636774
0.636713
0.636652
0.63659
0.636529
0.636467
0.636406
0.636344
0.636282
0.636221
0.636159
0.636097
0.636035
0.635974
0.635912
0.63585
0.635788
0.635726
0.635664
0.635602
0.63554
0.635478
0.635415
0.635353
0.635291
0.635229
0.635166
0.635104
0.635042
0.634979
0.634917
0.634854
0.634792
0.634729
0.634667
0.634604
0.634541
0.634478
0.634416
0.634353
0.63429
0.634227
0.634164
0.634101
0.634038
0.633975
0.633912
0.633849
0.633786
0.633723
0.63366
0.633596
0.633533
0.63347
0.633406
0.633343
0.63328
0.633216
0.633153
0.633089
0.633025
0.632962
0.632898
0.632835
0.632771
0.632707
0.632643
0.632579
0.632516
0.632452
0.632388
0.632324
0.63226
0.632196
0.632132
0.632067
0.632003
0.631939
0.631875
0.631811
0.631746
0.631682
0.631618
0.631553
0.631489
0.631424
0.63136
0.631295
0.631231
0.631166
0.631101
0.631037
0.630972
0.630907
0.630842
0.630777
0.630713
0.630648
0.630583
0.630518
0.630453
0.630388
0.630323
0.630258
0.630192
0.630127
0.630062
0.629997
0.629931
0.629866
0.629801
0.629735
0.62967
0.629604
0.629539
0.629473
0.629408
0.629342
0.629277
0.629211
0.629145
0.629079
0.629014
0.628948
0.628882
0.628816
0.62875
0.628684
0.628618
0.628552
0.628486
0.62842
0.628354
0.628288
0.628222
0.628156
0.628089
0.628023
0.627957
0.62789
0.627824
0.627758
0.627691
0.627625
0.627558
0.627492
0.627425
0.627358
0.627292
0.627225
0.627158
0.627092
0.627025
0.626958
0.626891
0.626824
0.626757
0.62669
0.626623
0.626556
0.626489
0.626422
0.626355
0.626288
0.626221
0.626153
0.626086
0.626019
0.625952
0.625884
0.625817
0.625749
0.625682
0.625615
0.625547
0.625479
0.625412
0.625344
0.625277
0.625209
0.625141
0.625074
0.625006
0.624938
0.62487
0.624802
0.624734
0.624666
0.624598
0.62453
0.624462
0.624394
0.624326
0.624258
0.62419
0.624122
0.624054
0.623985
0.623917
0.623849
0.62378
0.623712
0.623644
0.623575
0.623507
0.623438
0.62337
0.623301
0.623232
0.623164
0.623095
0.623026
0.622958
0.622889
0.62282
0.622751
0.622683
0.622614
0.622545
0.622476
0.622407
0.622338
0.622269
0.6222
0.622131
0.622061
0.621992
0.621923
0.621854
0.621785
0.621715
0.621646
0.621577
0.621507
0.621438
0.621368
0.621299
0.621229
0.62116
0.62109
0.621021
0.620951
0.620882
0.620812
0.620742
0.620672
0.620603
0.620533
0.620463
0.620393
0.620323
0.620253
0.620183
0.620113
0.620043
0.619973
0.619903
0.619833
0.619763
0.619693
0.619623
0.619552
0.619482
0.619412
0.619342
0.619271
0.619201
0.61913
0.61906
0.618989
0.618919
0.618848
0.618778
0.618707
0.618637
0.618566
0.618495
0.618425
0.618354
0.618283
0.618212
0.618142
0.618071
0.618
0.617929
0.617858
0.617787
0.617716
0.617645
0.617574
0.617503
0.617432
0.617361
0.61729
0.617218
0.617147
0.617076
0.617005
0.616933
0.616862
0.616791
0.616719
0.616648
0.616576
0.616505
0.616433
0.616362
0.61629
0.616219
0.616147
0.616075
0.616004
0.615932
0.61586
0.615788
0.615717
0.615645
0.615573
0.615501
0.615429
0.615357
0.615285
0.615213
0.615141
0.615069
0.614997
0.614925
0.614853
0.614781
0.614709
0.614636
0.614564
0.614492
0.61442
0.614347
0.614275
0.614202
0.61413
0.614058
0.613985
0.613913
0.61384
0.613768
0.613695
0.613622
0.61355
0.613477
0.613404
0.613332
0.613259
0.613186
0.613113
0.613041
0.612968
0.612895
0.612822
0.612749
0.612676
0.612603
0.61253
0.612457
0.612384
0.612311
0.612238
0.612165
0.612091
0.612018
0.611945
0.611872
0.611798
0.611725
0.611652
0.611578
0.611505
0.611432
0.611358
0.611285
0.611211
0.611138
0.611064
0.610991
0.610917
0.610843
0.61077
0.610696
0.610622
0.610549
0.610475
0.610401
0.610327
0.610253
0.610179
0.610106
0.610032
0.609958
0.609884
0.60981
0.609736
0.609662
0.609588
0.609514
0.609439
0.609365
0.609291
0.609217
0.609143
0.609068
0.608994
0.60892
0.608845
0.608771
0.608697
0.608622
0.608548
0.608473
0.608399
0.608324
0.60825
0.608175
0.608101
0.608026
0.607951
0.607877
0.607802
0.607727
0.607653
0.607578
0.607503
0.607428
0.607353
0.607279
0.607204
0.607129
0.607054
0.606979
0.606904
0.606829
0.606754
0.606679
0.606604
0.606528
0.606453
0.606378
0.606303
0.606228
0.606153
0.606077
0.606002
0.605927
0.605851
0.605776
0.605701
0.605625
0.60555
0.605474
0.605399
0.605323
0.605248
0.605172
0.605097
0.605021
0.604945
0.60487
0.604794
0.604718
0.604642
0.604567
0.604491
0.604415
0.604339
0.604263
0.604188
0.604112
0.604036
0.60396
0.603884
0.603808
0.603732
0.603656
0.60358
0.603504
0.603427
0.603351
0.603275
0.603199
0.603123
0.603046
0.60297
0.602894
0.602818
0.602741
0.602665
0.602588
0.602512
0.602436
0.602359
0.602283
0.602206
0.60213
0.602053
0.601977
0.6019
0.601823
0.601747
0.60167
0.601593
0.601517
0.60144
0.601363
0.601286
0.60121
0.601133
0.601056
0.600979
0.600902
0.600825
0.600748
0.600671
0.600594
0.600517
0.60044
0.600363
0.600286
0.600209
0.600132
0.600055
0.599977
0.5999
0.599823
0.599746
0.599669
0.599591
0.599514
0.599437
0.599359
0.599282
0.599204
0.599127
0.59905
0.598972
0.598895
0.598817
0.59874
0.598662
0.598584
0.598507
0.598429
0.598352
0.598274
0.598196
0.598118
0.598041
0.597963
0.597885
0.597807
0.597729
0.597652
0.597574
0.597496
0.597418
0.59734
0.597262
0.597184
0.597106
0.597028
0.59695
0.596872
0.596794
0.596716
0.596638
0.596559
0.596481
0.596403
0.596325
0.596246
0.596168
0.59609
0.596012
0.595933
0.595855
0.595777
0.595698
0.59562
0.595541
0.595463
0.595384
0.595306
0.595227
0.595149
0.59507
0.594992
0.594913
0.594834
0.594756
0.594677
0.594598
0.59452
0.594441
0.594362
0.594283
0.594204
0.594126
0.594047
0.593968
0.593889
0.59381
0.593731
0.593652
0.593573
0.593494
0.593415
0.593336
0.593257
0.593178
0.593099
0.59302
0.592941
0.592861
0.592782
0.592703
0.592624
0.592545
0.592465
0.592386
0.592307
0.592227
0.592148
0.592069
0.591989
0.59191
0.59183
0.591751
0.591671
0.591592
0.591512
0.591433
0.591353
0.591274
0.591194
0.591114
0.591035
0.590955
0.590875
0.590796
0.590716
0.590636
0.590556
0.590477
0.590397
0.590317
0.590237
0.590157
0.590077
0.589998
0.589918
0.589838
0.589758
0.589678
0.589598
0.589518
0.589438
0.589358
0.589277
0.589197
0.589117
0.589037
0.588957
0.588877
0.588797
0.588716
0.588636
0.588556
0.588475
0.588395
0.588315
0.588234
0.588154
0.588074
0.587993
0.587913
0.587832
0.587752
0.587672
0.587591
0.58751
0.58743
0.587349
0.587269
0.587188
0.587108
0.587027
0.586946
0.586866
0.586785
0.586704
0.586623
0.586543
0.586462
0.586381
0.5863
0.586219
0.586139
0.586058
0.585977
0.585896
0.585815
0.585734
0.585653
0.585572
0.585491
0.58541
0.585329
0.585248
0.585167
0.585086
0.585005
0.584923
0.584842
0.584761
0.58468
0.584599
0.584518
0.584436
0.584355
0.584274
0.584192
0.584111
0.58403
0.583948
0.583867
0.583786
0.583704
0.583623
0.583541
0.58346
0.583378
0.583297
0.583215
0.583134
0.583052
0.58297
0.582889
0.582807
0.582726
0.582644
0.582562
0.582481
0.582399
0.582317
0.582235
0.582154
0.582072
0.58199
0.581908
0.581826
0.581744
0.581663
0.581581
0.581499
0.581417
0.581335
0.581253
0.581171
0.581089
0.581007
0.580925
0.580843
0.580761
0.580679
0.580596
0.580514
0.580432
0.58035
0.580268
0.580186
0.580103
0.580021
0.579939
0.579857
0.579774
0.579692
0.57961
0.579527
0.579445
0.579363
0.57928
0.579198
0.579115
0.579033
0.57895
0.578868
0.578785
0.578703
0.57862
0.578538
0.578455
0.578373
0.57829
0.578207
0.578125
0.578042
0.577959
0.577877
0.577794
0.577711
0.577628
0.577546
0.577463
0.57738
0.577297
0.577214
0.577131
0.577049
0.576966
0.576883
0.5768
0.576717
0.576634
0.576551
0.576468
0.576385
0.576302
0.576219
0.576136
0.576053
0.57597
0.575887
0.575803
0.57572
0.575637
0.575554
0.575471
0.575388
0.575304
0.575221
0.575138
0.575054
0.574971
0.574888
0.574805
0.574721
0.574638
0.574554
0.574471
0.574388
0.574304
0.574221
0.574137
0.574054
0.57397
0.573887
0.573803
0.57372
0.573636
0.573553
0.573469
0.573385
0.573302
0.573218
0.573134
0.573051
0.572967
0.572883
0.5728
0.572716
0.572632
0.572548
0.572464
0.572381
0.572297
0.572213
0.572129
0.572045
0.571961
0.571877
0.571794
0.57171
0.571626
0.571542
0.571458
0.571374
0.57129
0.571206
0.571122
0.571037
0.570953
0.570869
0.570785
0.570701
0.570617
0.570533
0.570449
0.570364
0.57028
0.570196
0.570112
0.570027
0.569943
0.569859
0.569775
0.56969
0.569606
0.569522
0.569437
0.569353
0.569268
0.569184
0.5691
0.569015
0.568931
0.568846
0.568762
0.568677
0.568593
0.568508
0.568423
0.568339
0.568254
0.56817
0.568085
0.568
0.567916
0.567831
0.567746
0.567662
0.567577
0.567492
0.567408
0.567323
0.567238
0.567153
0.567068
0.566984
0.566899
0.566814
0.566729
0.566644
0.566559
0.566474
0.566389
0.566305
0.56622
0.566135
0.56605
0.565965
0.56588
0.565795
0.565709
0.565624
0.565539
0.565454
0.565369
0.565284
0.565199
0.565114
0.565029
0.564943
0.564858
0.564773
0.564688
0.564603
0.564517
0.564432
0.564347
0.564261
0.564176
0.564091
0.564005
0.56392
0.563835
0.563749
0.563664
0.563578
0.563493
0.563408
0.563322
0.563237
0.563151
0.563066
0.56298
0.562895
0.562809
0.562723
0.562638
0.562552
0.562467
0.562381
0.562295
0.56221
0.562124
0.562038
0.561953
0.561867
0.561781
0.561696
0.56161
0.561524
0.561438
0.561352
0.561267
0.561181
0.561095
0.561009
0.560923
0.560837
0.560751
0.560666
0.56058
0.560494
0.560408
0.560322
0.560236
0.56015
0.560064
0.559978
0.559892
0.559806
0.55972
0.559634
0.559547
0.559461
0.559375
0.559289
0.559203
0.559117
0.559031
0.558944
0.558858
0.558772
0.558686
0.5586
0.558513
0.558427
0.558341
0.558254
0.558168
0.558082
0.557995
0.557909
0.557823
0.557736
0.55765
0.557564
0.557477
0.557391
0.557304
0.557218
0.557131
0.557045
0.556958
0.556872
0.556785
0.556699
0.556612
0.556526
0.556439
0.556352
0.556266
0.556179
0.556092
0.556006
0.555919
0.555832
0.555746
0.555659
0.555572
0.555486
0.555399
0.555312
0.555225
0.555139
0.555052
0.554965
0.554878
0.554791
0.554704
0.554618
0.554531
0.554444
0.554357
0.55427
0.554183
0.554096
0.554009
0.553922
0.553835
0.553748
0.553661
0.553574
0.553487
0.5534
0.553313
0.553226
0.553139
0.553052
0.552965
0.552877
0.55279
0.552703
0.552616
0.552529
0.552442
0.552354
0.552267
0.55218
0.552093
0.552005
0.551918
0.551831
0.551744
0.551656
0.551569
0.551482
0.551394
0.551307
0.55122
0.551132
0.551045
0.550957
0.55087
0.550782
0.550695
0.550608
0.55052
0.550433
0.550345
0.550258
0.55017
0.550083
0.549995
0.549907
0.54982
0.549732
0.549645
0.549557
0.549469
0.549382
0.549294
0.549206
0.549119
0.549031
0.548943
0.548856
0.548768
0.54868
0.548593
0.548505
0.548417
0.548329
0.548241
0.548154
0.548066
0.547978
0.54789
0.547802
0.547714
0.547626
0.547539
0.547451
0.547363
0.547275
0.547187
0.547099
0.547011
0.546923
0.546835
0.546747
0.546659
0.546571
0.546483
0.546395
0.546307
0.546219
0.546131
0.546042
0.545954
0.545866
0.545778
0.54569
0.545602
0.545514
0.545425
0.545337
0.545249
0.545161
0.545073
0.544984
0.544896
0.544808
0.54472
0.544631
0.544543
0.544455
0.544366
0.544278
0.54419
0.544101
0.544013
0.543924
0.543836
0.543748
0.543659
0.543571
0.543482
0.543394
0.543305
0.543217
0.543128
0.54304
0.542951
0.542863
0.542774
0.542686
0.542597
0.542509
0.54242
0.542332
0.542243
0.542154
0.542066
0.541977
0.541888
0.5418
0.541711
0.541622
0.541534
0.541445
0.541356
0.541268
0.541179
0.54109
0.541001
0.540913
0.540824
0.540735
0.540646
0.540557
0.540468
0.54038
0.540291
0.540202
0.540113
0.540024
0.539935
0.539846
0.539757
0.539668
0.53958
0.539491
0.539402
0.539313
0.539224
0.539135
0.539046
0.538957
0.538868
0.538779
0.538689
0.5386
0.538511
0.538422
0.538333
0.538244
0.538155
0.538066
0.537977
0.537887
0.537798
0.537709
0.53762
0.537531
0.537442
0.537352
0.537263
0.537174
0.537085
0.536995
0.536906
0.536817
0.536727
0.536638
0.536549
0.53646
0.53637
0.536281
0.536191
0.536102
0.536013
0.535923
0.535834
0.535744
0.535655
0.535566
0.535476
0.535387
0.535297
0.535208
0.535118
0.535029
0.534939
0.53485
0.53476
0.534671
0.534581
0.534492
0.534402
0.534312
0.534223
0.534133
0.534044
0.533954
0.533864
0.533775
0.533685
0.533595
0.533506
0.533416
0.533326
0.533237
0.533147
0.533057
0.532967
0.532878
0.532788
0.532698
0.532608
0.532519
0.532429
0.532339
0.532249
0.532159
0.532069
0.53198
0.53189
0.5318
0.53171
0.53162
0.53153
0.53144
0.53135
0.53126
0.53117
0.531081
0.530991
0.530901
0.530811
0.530721
0.530631
0.530541
0.530451
0.530361
0.53027
0.53018
0.53009
0.53
0.52991
0.52982
0.52973
0.52964
0.52955
0.52946
0.529369
0.529279
0.529189
0.529099
0.529009
0.528919
0.528828
0.528738
0.528648
0.528558
0.528467
0.528377
0.528287
0.528197
0.528106
0.528016
0.527926
0.527836
0.527745
0.527655
0.527565
0.527474
0.527384
0.527293
0.527203
0.527113
0.527022
0.526932
0.526841
0.526751
0.526661
0.52657
0.52648
0.526389
0.526299
0.526208
0.526118
0.526027
0.525937
0.525846
0.525756
0.525665
0.525575
0.525484
0.525393
0.525303
0.525212
0.525122
0.525031
0.52494
0.52485
0.524759
0.524668
0.524578
0.524487
0.524396
0.524306
0.524215
0.524124
0.524034
0.523943
0.523852
0.523761
0.523671
0.52358
0.523489
0.523398
0.523308
0.523217
0.523126
0.523035
0.522944
0.522854
0.522763
0.522672
0.522581
0.52249
0.522399
0.522308
0.522217
0.522127
0.522036
0.521945
0.521854
0.521763
0.521672
0.521581
0.52149
0.521399
0.521308
0.521217
0.521126
0.521035
0.520944
0.520853
0.520762
0.520671
0.52058
0.520489
0.520398
0.520306
0.520215
0.520124
0.520033
0.519942
0.519851
0.51976
0.519669
0.519577
0.519486
0.519395
0.519304
0.519213
0.519121
0.51903
0.518939
0.518848
0.518757
0.518665
0.518574
0.518483
0.518391
0.5183
0.518209
0.518118
0.518026
0.517935
0.517844
0.517752
0.517661
0.51757
0.517478
0.517387
0.517295
0.517204
0.517113
0.517021
0.51693
0.516838
0.516747
0.516656
0.516564
0.516473
0.516381
0.51629
0.516198
0.516107
0.516015
0.515924
0.515832
0.515741
0.515649
0.515558
0.515466
0.515374
0.515283
0.515191
0.5151
0.515008
0.514916
0.514825
0.514733
0.514642
0.51455
0.514458
0.514367
0.514275
0.514183
0.514092
0.514
0.513908
0.513817
0.513725
0.513633
0.513541
0.51345
0.513358
0.513266
0.513174
0.513083
0.512991
0.512899
0.512807
0.512715
0.512624
0.512532
0.51244
0.512348
0.512256
0.512164
0.512073
0.511981
0.511889
0.511797
0.511705
0.511613
0.511521
0.511429
0.511337
0.511245
0.511153
0.511061
0.510969
0.510878
0.510786
0.510694
0.510602
0.51051
0.510418
0.510326
0.510234
0.510141
0.510049
0.509957
0.509865
0.509773
0.509681
0.509589
0.509497
0.509405
0.509313
0.509221
0.509129
0.509036
0.508944
0.508852
0.50876
0.508668
0.508576
0.508483
0.508391
0.508299
0.508207
0.508115
0.508022
0.50793
0.507838
0.507746
0.507653
0.507561
0.507469
0.507377
0.507284
0.507192
0.5071
0.507008
0.506915
0.506823
0.506731
0.506638
0.506546
0.506454
0.506361
0.506269
0.506176
0.506084
0.505992
0.505899
0.505807
0.505714
0.505622
0.50553
0.505437
0.505345
0.505252
0.50516
0.505067
0.504975
0.504882
0.50479
0.504697
0.504605
0.504512
0.50442
0.504327
0.504235
0.504142
0.50405
0.503957
0.503865
0.503772
0.503679
0.503587
0.503494
0.503402
0.503309
0.503216
0.503124
0.503031
0.502939
0.502846
0.502753
0.502661
0.502568
0.502475
0.502383
0.50229
0.502197
0.502104
0.502012
0.501919
0.501826
0.501734
0.501641
0.501548
0.501455
0.501363
0.50127
0.501177
0.501084
0.500991
0.500899
0.500806
0.500713
0.50062
0.500527
0.500434
0.500342
0.500249
0.500156
0.500063
0.49997
0.499877
0.499784
0.499691
0.499599
0.499506
0.499413
0.49932
0.499227
0.499134
0.499041
0.498948
0.498855
0.498762
0.498669
0.498576
0.498483
0.49839
0.498297
0.498204
0.498111
0.498018
0.497925
0.497832
0.497739
0.497646
0.497553
0.49746
0.497367
0.497274
0.497181
0.497088
0.496994
0.496901
0.496808
0.496715
0.496622
0.496529
0.496436
0.496343
0.496249
0.496156
0.496063
0.49597
0.495877
0.495783
0.49569
0.495597
0.495504
0.495411
0.495317
0.495224
0.495131
0.495038
0.494944
0.494851
0.494758
0.494665
0.494571
0.494478
0.494385
0.494291
0.494198
0.494105
0.494012
0.493918
0.493825
0.493732
0.493638
0.493545
0.493451
0.493358
0.493265
0.493171
0.493078
0.492985
0.492891
0.492798
0.492704
0.492611
0.492517
0.492424
0.492331
0.492237
0.492144
0.49205
0.491957
0.491863
0.49177
0.491676
0.491583
0.491489
0.491396
0.491302
0.491209
0.491115
0.491022
0.490928
0.490835
0.490741
0.490648
0.490554
0.49046
0.490367
0.490273
0.49018
0.490086
0.489992
0.489899
0.489805
0.489712
0.489618
0.489524
0.489431
0.489337
0.489243
0.48915
0.489056
0.488962
0.488869
0.488775
0.488681
0.488588
0.488494
0.4884
0.488306
0.488213
0.488119
0.488025
0.487931
0.487838
0.487744
0.48765
0.487556
0.487463
0.487369
0.487275
0.487181
0.487087
0.486994
0.4869
0.486806
0.486712
0.486618
0.486524
0.486431
0.486337
0.486243
0.486149
0.486055
0.485961
0.485867
0.485774
0.48568
0.485586
0.485492
0.485398
0.485304
0.48521
0.485116
0.485022
0.484928
0.484834
0.48474
0.484646
0.484552
0.484458
0.484364
0.48427
0.484176
0.484082
0.483988
0.483894
0.4838
0.483706
0.483612
0.483518
0.483424
0.48333
0.483236
0.483142
0.483048
0.482954
0.48286
0.482766
0.482672
0.482578
0.482483
0.482389
0.482295
0.482201
0.482107
0.482013
0.481919
0.481825
0.48173
0.481636
0.481542
0.481448
0.481354
0.48126
0.481165
0.481071
0.480977
0.480883
0.480789
0.480694
0.4806
0.480506
0.480412
0.480317
0.480223
0.480129
0.480035
0.47994
0.479846
0.479752
0.479658
0.479563
0.479469
0.479375
0.47928
0.479186
0.479092
0.478997
0.478903
0.478809
0.478714
0.47862
0.478526
0.478431
0.478337
0.478243
0.478148
0.478054
0.47796
0.477865
0.477771
0.477676
0.477582
0.477488
0.477393
0.477299
0.477204
0.47711
0.477015
0.476921
0.476827
0.476732
0.476638
0.476543
0.476449
0.476354
0.47626
0.476165
0.476071
0.475976
0.475882
0.475787
0.475693
0.475598
0.475504
0.475409
0.475315
0.47522
0.475125
0.475031
0.474936
0.474842
0.474747
0.474653
0.474558
0.474463
0.474369
0.474274
0.47418
0.474085
0.47399
0.473896
0.473801
0.473706
0.473612
0.473517
0.473423
0.473328
0.473233
0.473139
0.473044
0.472949
0.472855
0.47276
0.472665
0.47257
0.472476
0.472381
0.472286
0.472192
0.472097
0.472002
0.471907
0.471813
0.471718
0.471623
0.471528
0.471434
0.471339
0.471244
0.471149
0.471055
0.47096
0.470865
0.47077
0.470675
0.47058
0.470486
0.470391
0.470296
0.470201
0.470106
0.470012
0.469917
0.469822
0.469727
0.469632
0.469537
0.469442
0.469347
0.469253
0.469158
0.469063
0.468968
0.468873
0.468778
0.468683
0.468588
0.468493
0.468398
0.468303
0.468208
0.468114
0.468019
0.467924
0.467829
0.467734
0.467639
0.467544
0.467449
0.467354
0.467259
0.467164
0.467069
0.466974
0.466879
0.466784
0.466689
0.466594
0.466499
0.466404
0.466309
0.466214
0.466118
0.466023
0.465928
0.465833
0.465738
0.465643
0.465548
0.465453
0.465358
0.465263
0.465168
0.465073
0.464977
0.464882
0.464787
0.464692
0.464597
0.464502
0.464407
0.464311
0.464216
0.464121
0.464026
0.463931
0.463836
0.46374
0.463645
0.46355
0.463455
0.46336
0.463265
0.463169
0.463074
0.462979
0.462884
0.462788
0.462693
0.462598
0.462503
0.462407
0.462312
0.462217
0.462122
0.462026
0.461931
0.461836
0.461741
0.461645
0.46155
0.461455
0.461359
0.461264
0.461169
0.461074
0.460978
0.460883
0.460788
0.460692
0.460597
0.460502
0.460406
0.460311
0.460215
0.46012
0.460025
0.459929
0.459834
0.459739
0.459643
0.459548
0.459452
0.459357
0.459262
0.459166
0.459071
0.458975
0.45888
0.458785
0.458689
0.458594
0.458498
0.458403
0.458307
0.458212
0.458116
0.458021
0.457926
0.45783
0.457735
0.457639
0.457544
0.457448
0.457353
0.457257
0.457162
0.457066
0.456971
0.456875
0.45678
0.456684
0.456588
0.456493
0.456397
0.456302
0.456206
0.456111
0.456015
0.45592
0.455824
0.455728
0.455633
0.455537
0.455442
0.455346
0.455251
0.455155
0.455059
0.454964
0.454868
0.454772
0.454677
0.454581
0.454486
0.45439
0.454294
0.454199
0.454103
0.454007
0.453912
0.453816
0.45372
0.453625
0.453529
0.453433
0.453338
0.453242
0.453146
0.453051
0.452955
0.452859
0.452763
0.452668
0.452572
0.452476
0.452381
0.452285
0.452189
0.452093
0.451998
0.451902
0.451806
0.45171
0.451615
0.451519
0.451423
0.451327
0.451232
0.451136
0.45104
0.450944
0.450848
0.450753
0.450657
0.450561
0.450465
0.450369
0.450273
0.450178
0.450082
0.449986
0.44989
0.449794
0.449698
0.449603
0.449507
0.449411
0.449315
0.449219
0.449123
0.449027
0.448931
0.448836
0.44874
0.448644
0.448548
0.448452
0.448356
0.44826
0.448164
0.448068
0.447972
0.447877
0.447781
0.447685
0.447589
0.447493
0.447397
0.447301
0.447205
0.447109
0.447013
0.446917
0.446821
0.446725
0.446629
0.446533
0.446437
0.446341
0.446245
0.446149
0.446053
0.445957
0.445861
0.445765
0.445669
0.445573
0.445477
0.445381
0.445285
0.445189
0.445093
0.444997
0.444901
0.444805
0.444709
0.444612
0.444516
0.44442
0.444324
0.444228
0.444132
0.444036
0.44394
0.443844
0.443748
0.443652
0.443555
0.443459
0.443363
0.443267
0.443171
0.443075
0.442979
0.442883
0.442786
0.44269
0.442594
0.442498
0.442402
0.442306
0.442209
0.442113
0.442017
0.441921
0.441825
0.441729
0.441632
0.441536
0.44144
0.441344
0.441248
0.441151
0.441055
0.440959
0.440863
0.440767
0.44067
0.440574
0.440478
0.440382
0.440285
0.440189
0.440093
0.439997
0.4399
0.439804
0.439708
0.439612
0.439515
0.439419
0.439323
0.439226
0.43913
0.439034
0.438938
0.438841
0.438745
0.438649
0.438552
0.438456
0.43836
0.438263
0.438167
0.438071
0.437974
0.437878
0.437782
0.437685
0.437589
0.437493
0.437396
0.4373
0.437203
0.437107
0.437011
0.436914
0.436818
0.436722
0.436625
0.436529
0.436432
0.436336
0.43624
0.436143
0.436047
0.43595
0.435854
0.435758
0.435661
0.435565
0.435468
0.435372
0.435275
0.435179
0.435083
0.434986
0.43489
0.434793
0.434697
0.4346
0.434504
0.434407
0.434311
0.434214
0.434118
0.434021
0.433925
0.433828
0.433732
0.433635
0.433539
0.433442
0.433346
0.433249
0.433153
0.433056
0.43296
0.432863
0.432767
0.43267
0.432574
0.432477
0.432381
0.432284
0.432187
0.432091
0.431994
0.431898
0.431801
0.431705
0.431608
0.431511
0.431415
0.431318
0.431222
0.431125
0.431029
0.430932
0.430835
0.430739
0.430642
0.430546
0.430449
0.430352
0.430256
0.430159
0.430062
0.429966
0.429869
0.429772
0.429676
0.429579
0.429483
0.429386
0.429289
0.429193
0.429096
0.428999
0.428903
0.428806
0.428709
0.428613
0.428516
0.428419
0.428322
0.428226
0.428129
0.428032
0.427936
0.427839
0.427742
0.427645
0.427549
0.427452
0.427355
0.427259
0.427162
0.427065
0.426968
0.426872
0.426775
0.426678
0.426581
0.426485
0.426388
0.426291
0.426194
0.426098
0.426001
0.425904
0.425807
0.42571
0.425614
0.425517
0.42542
0.425323
0.425227
0.42513
0.425033
0.424936
0.424839
0.424742
0.424646
0.424549
0.424452
0.424355
0.424258
0.424162
0.424065
0.423968
0.423871
0.423774
0.423677
0.42358
0.423484
0.423387
0.42329
0.423193
0.423096
0.422999
0.422902
0.422805
0.422709
0.422612
0.422515
0.422418
0.422321
0.422224
0.422127
0.42203
0.421933
0.421836
0.42174
0.421643
0.421546
0.421449
0.421352
0.421255
0.421158
0.421061
0.420964
0.420867
0.42077
0.420673
0.420576
0.420479
0.420382
0.420285
0.420188
0.420092
0.419995
0.419898
0.419801
0.419704
0.419607
0.41951
0.419413
0.419316
0.419219
0.419122
0.419025
0.418928
0.418831
0.418734
0.418637
0.41854
0.418443
0.418346
0.418249
0.418151
0.418054
0.417957
0.41786
0.417763
0.417666
0.417569
0.417472
0.417375
0.417278
0.417181
0.417084
0.416987
0.41689
0.416793
0.416696
0.416599
0.416502
0.416404
0.416307
0.41621
0.416113
0.416016
0.415919
0.415822
0.415725
0.415628
0.415531
0.415433
0.415336
0.415239
0.415142
0.415045
0.414948
0.414851
0.414754
0.414656
0.414559
0.414462
0.414365
0.414268
0.414171
0.414073
0.413976
0.413879
0.413782
0.413685
0.413588
0.41349
0.413393
0.413296
0.413199
0.413102
0.413005
0.412907
0.41281
0.412713
0.412616
0.412519
0.412421
0.412324
0.412227
0.41213
0.412033
0.411935
0.411838
0.411741
0.411644
0.411546
0.411449
0.411352
0.411255
0.411157
0.41106
0.410963
0.410866
0.410768
0.410671
0.410574
0.410477
0.410379
0.410282
0.410185
0.410088
0.40999
0.409893
0.409796
0.409698
0.409601
0.409504
0.409407
0.409309
0.409212
0.409115
0.409017
0.40892
0.408823
0.408725
0.408628
0.408531
0.408434
0.408336
0.408239
0.408142
0.408044
0.407947
0.40785
0.407752
0.407655
0.407558
0.40746
0.407363
0.407265
0.407168
0.407071
0.406973
0.406876
0.406779
0.406681
0.406584
0.406487
0.406389
0.406292
0.406194
0.406097
0.406
0.405902
0.405805
0.405707
0.40561
0.405513
0.405415
0.405318
0.40522
0.405123
0.405026
0.404928
0.404831
0.404733
0.404636
0.404538
0.404441
0.404344
0.404246
0.404149
0.404051
0.403954
0.403856
0.403759
0.403661
0.403564
0.403467
0.403369
0.403272
0.403174
0.403077
0.402979
0.402882
0.402784
0.402687
0.402589
0.402492
0.402394
0.402297
0.402199
0.402102
0.402004
0.401907
0.401809
0.401712
0.401614
0.401517
0.401419
0.401322
0.401224
0.401127
0.401029
0.400932
0.400834
0.400737
0.400639
0.400542
0.400444
0.400346
0.400249
0.400151
0.400054
0.399956
0.399859
0.399761
0.399664
0.399566
0.399468
0.399371
0.399273
0.399176
0.399078
0.398981
0.398883
0.398785
0.398688
0.39859
0.398493
0.398395
0.398298
0.3982
0.398102
0.398005
0.397907
0.39781
0.397712
0.397614
0.397517
0.397419
0.397321
0.397224
0.397126
0.397029
0.396931
0.396833
0.396736
0.396638
0.39654
0.396443
0.396345
0.396247
0.39615
0.396052
0.395955
0.395857
0.395759
0.395662
0.395564
0.395466
0.395369
0.395271
0.395173
0.395076
0.394978
0.39488
0.394782
0.394685
0.394587
0.394489
0.394392
0.394294
0.394196
0.394099
0.394001
0.393903
0.393806
0.393708
0.39361
0.393512
0.393415
0.393317
0.393219
0.393122
0.393024
0.392926
0.392828
0.392731
0.392633
0.392535
0.392437
0.39234
0.392242
0.392144
0.392046
0.391949
0.391851
0.391753
0.391655
0.391558
0.39146
0.391362
0.391264
0.391167
0.391069
0.390971
0.390873
0.390775
0.390678
0.39058
0.390482
0.390384
0.390287
0.390189
0.390091
0.389993
0.389895
0.389798
0.3897
0.389602
0.389504
0.389406
0.389309
0.389211
0.389113
0.389015
0.388917
0.388819
0.388722
0.388624
0.388526
0.388428
0.38833
0.388232
0.388135
0.388037
0.387939
0.387841
0.387743
0.387645
0.387547
0.38745
0.387352
0.387254
0.387156
0.387058
0.38696
0.386862
0.386765
0.386667
0.386569
0.386471
0.386373
0.386275
0.386177
0.386079
0.385982
0.385884
0.385786
0.385688
0.38559
0.385492
0.385394
0.385296
0.385198
0.3851
0.385003
0.384905
0.384807
0.384709
0.384611
0.384513
0.384415
0.384317
0.384219
0.384121
0.384023
0.383925
0.383827
0.383729
0.383632
0.383534
0.383436
0.383338
0.38324
0.383142
0.383044
0.382946
0.382848
0.38275
0.382652
0.382554
0.382456
0.382358
0.38226
0.382162
0.382064
0.381966
0.381868
0.38177
0.381672
0.381574
0.381476
0.381378
0.38128
0.381182
0.381084
0.380986
0.380888
0.38079
0.380692
0.380594
0.380496
0.380398
0.3803
0.380202
0.380104
0.380006
0.379908
0.37981
0.379712
0.379614
0.379516
0.379418
0.37932
0.379222
0.379124
0.379026
0.378928
0.37883
0.378732
0.378634
0.378536
0.378438
0.37834
0.378242
0.378143
0.378045
0.377947
0.377849
0.377751
0.377653
0.377555
0.377457
0.377359
0.377261
0.377163
0.377065
0.376967
0.376869
0.37677
0.376672
0.376574
0.376476
0.376378
0.37628
0.376182
0.376084
0.375986
0.375888
0.375789
0.375691
0.375593
0.375495
0.375397
0.375299
0.375201
0.375103
0.375005
0.374906
0.374808
0.37471
0.374612
0.374514
0.374416
0.374318
0.374219
0.374121
0.374023
0.373925
0.373827
0.373729
0.373631
0.373532
0.373434
0.373336
0.373238
0.37314
0.373042
0.372944
0.372845
0.372747
0.372649
0.372551
0.372453
0.372355
0.372256
0.372158
0.37206
0.371962
0.371864
0.371765
0.371667
0.371569
0.371471
0.371373
0.371274
0.371176
0.371078
0.37098
0.370882
0.370783
0.370685
0.370587
0.370489
0.370391
0.370292
0.370194
0.370096
0.369998
0.3699
0.369801
0.369703
0.369605
0.369507
0.369408
0.36931
0.369212
0.369114
0.369015
0.368917
0.368819
0.368721
0.368623
0.368524
0.368426
0.368328
0.36823
0.368131
0.368033
0.367935
0.367836
0.367738
0.36764
0.367542
0.367443
0.367345
0.367247
0.367149
0.36705
0.366952
0.366854
0.366755
0.366657
0.366559
0.366461
0.366362
0.366264
0.366166
0.366067
0.365969
0.365871
0.365773
0.365674
0.365576
0.365478
0.365379
0.365281
0.365183
0.365084
0.364986
0.364888
0.36479
0.364691
0.364593
0.364495
0.364396
0.364298
0.3642
0.364101
0.364003
0.363905
0.363806
0.363708
0.36361
0.363511
0.363413
0.363315
0.363216
0.363118
0.36302
0.362921
0.362823
0.362724
0.362626
0.362528
0.362429
0.362331
0.362233
0.362134
0.362036
0.361938
0.361839
0.361741
0.361642
0.361544
0.361446
0.361347
0.361249
0.361151
0.361052
0.360954
0.360855
0.360757
0.360659
0.36056
0.360462
0.360363
0.360265
0.360167
0.360068
0.35997
0.359872
0.359773
0.359675
0.359576
0.359478
0.359379
0.359281
0.359183
0.359084
0.358986
0.358887
0.358789
0.358691
0.358592
0.358494
0.358395
0.358297
0.358198
0.3581
0.358002
0.357903
0.357805
0.357706
0.357608
0.357509
0.357411
0.357312
0.357214
0.357116
0.357017
0.356919
0.35682
0.356722
0.356623
0.356525
0.356426
0.356328
0.356229
0.356131
0.356033
0.355934
0.355836
0.355737
0.355639
0.35554
0.355442
0.355343
0.355245
0.355146
0.355048
0.354949
0.354851
0.354752
0.354654
0.354555
0.354457
0.354358
0.35426
0.354161
0.354063
0.353964
0.353866
0.353767
0.353669
0.35357
0.353472
0.353373
0.353275
0.353176
0.353078
0.352979
0.352881
0.352782
0.352684
0.352585
0.352487
0.352388
0.35229
0.352191
0.352093
0.351994
0.351895
0.351797
0.351698
0.3516
0.351501
0.351403
0.351304
0.351206
0.351107
0.351009
0.35091
0.350812
0.350713
0.350614
0.350516
0.350417
0.350319
0.35022
0.350122
0.350023
0.349925
0.349826
0.349727
0.349629
0.34953
0.349432
0.349333
0.349235
0.349136
0.349037
0.348939
0.34884
0.348742
0.348643
0.348544
0.348446
0.348347
0.348249
0.34815
0.348052
0.347953
0.347854
0.347756
0.347657
0.347559
0.34746
0.347361
0.347263
0.347164
0.347065
0.346967
0.346868
0.34677
0.346671
0.346572
0.346474
0.346375
0.346277
0.346178
0.346079
0.345981
0.345882
0.345783
0.345685
0.345586
0.345488
0.345389
0.34529
0.345192
0.345093
0.344994
0.344896
0.344797
0.344698
0.3446
0.344501
0.344403
0.344304
0.344205
0.344107
0.344008
0.343909
0.343811
0.343712
0.343613
0.343515
0.343416
0.343317
0.343219
0.34312
0.343021
0.342923
0.342824
0.342725
0.342627
0.342528
0.342429
0.342331
0.342232
0.342133
0.342035
0.341936
0.341837
0.341739
0.34164
0.341541
0.341442
0.341344
0.341245
0.341146
0.341048
0.340949
0.34085
0.340752
0.340653
0.340554
0.340456
0.340357
0.340258
0.340159
0.340061
0.339962
0.339863
0.339765
0.339666
0.339567
0.339468
0.33937
0.339271
0.339172
0.339074
0.338975
0.338876
0.338777
0.338679
0.33858
0.338481
0.338382
0.338284
0.338185
0.338086
0.337987
0.337889
0.33779
0.337691
0.337593
0.337494
0.337395
0.337296
0.337198
0.337099
0.337
0.336901
0.336803
0.336704
0.336605
0.336506
0.336408
0.336309
0.33621
0.336111
0.336012
0.335914
0.335815
0.335716
0.335617
0.335519
0.33542
0.335321
0.335222
0.335124
0.335025
0.334926
0.334827
0.334728
0.33463
0.334531
0.334432
0.334333
0.334234
0.334136
0.334037
0.333938
0.333839
0.333741
0.333642
0.333543
0.333444
0.333345
0.333247
0.333148
0.333049
0.33295
0.332851
0.332753
0.332654
0.332555
0.332456
0.332357
0.332258
0.33216
0.332061
0.331962
0.331863
0.331764
0.331666
0.331567
0.331468
0.331369
0.33127
0.331171
0.331073
0.330974
0.330875
0.330776
0.330677
0.330578
0.33048
0.330381
0.330282
0.330183
0.330084
0.329985
0.329887
0.329788
0.329689
0.32959
0.329491
0.329392
0.329293
0.329195
0.329096
0.328997
0.328898
0.328799
0.3287
0.328602
0.328503
0.328404
0.328305
0.328206
0.328107
0.328008
0.327909
0.327811
0.327712
0.327613
0.327514
0.327415
0.327316
0.327217
0.327118
0.32702
0.326921
0.326822
0.326723
0.326624
0.326525
0.326426
0.326327
0.326229
0.32613
0.326031
0.325932
0.325833
0.325734
0.325635
0.325536
0.325437
0.325338
0.32524
0.325141
0.325042
0.324943
0.324844
0.324745
0.324646
0.324547
0.324448
0.324349
0.32425
0.324152
0.324053
0.323954
0.323855
0.323756
0.323657
0.323558
0.323459
0.32336
0.323261
0.323162
0.323063
0.322965
0.322866
0.322767
0.322668
0.322569
0.32247
0.322371
0.322272
0.322173
0.322074
0.321975
0.321876
0.321777
0.321678
0.321579
0.32148
0.321382
0.321283
0.321184
0.321085
0.320986
0.320887
0.320788
0.320689
0.32059
0.320491
0.320392
0.320293
0.320194
0.320095
0.319996
0.319897
0.319798
0.319699
0.3196
0.319501
0.319402
0.319303
0.319204
0.319105
0.319006
0.318908
0.318809
0.31871
0.318611
0.318512
0.318413
0.318314
0.318215
0.318116
0.318017
0.317918
0.317819
0.31772
0.317621
0.317522
0.317423
0.317324
0.317225
0.317126
0.317027
0.316928
0.316829
0.31673
0.316631
0.316532
0.316433
0.316334
0.316235
0.316136
0.316037
0.315938
0.315839
0.31574
0.315641
0.315542
0.315443
0.315344
0.315245
0.315146
0.315047
0.314948
0.314849
0.31475
0.314651
0.314552
0.314453
0.314354
0.314255
0.314155
0.314056
0.313957
0.313858
0.313759
0.31366
0.313561
0.313462
0.313363
0.313264
0.313165
0.313066
0.312967
0.312868
0.312769
0.31267
0.312571
0.312472
0.312373
0.312274
0.312175
0.312076
0.311977
0.311878
0.311779
0.31168
0.31158
0.311481
0.311382
0.311283
0.311184
0.311085
0.310986
0.310887
0.310788
0.310689
0.31059
0.310491
0.310392
0.310293
0.310194
0.310095
0.309995
0.309896
0.309797
0.309698
0.309599
0.3095
0.309401
0.309302
0.309203
0.309104
0.309005
0.308906
0.308807
0.308707
0.308608
0.308509
0.30841
0.308311
0.308212
0.308113
0.308014
0.307915
0.307816
0.307717
0.307617
0.307518
0.307419
0.30732
0.307221
0.307122
0.307023
0.306924
0.306825
0.306726
0.306627
0.306527
0.306428
0.306329
0.30623
0.306131
0.306032
0.305933
0.305834
0.305735
0.305635
0.305536
0.305437
0.305338
0.305239
0.30514
0.305041
0.304942
0.304842
0.304743
0.304644
0.304545
0.304446
0.304347
0.304248
0.304149
0.304049
0.30395
0.303851
0.303752
0.303653
0.303554
0.303455
0.303356
0.303256
0.303157
0.303058
0.302959
0.30286
0.302761
0.302662
0.302562
0.302463
0.302364
0.302265
0.302166
0.302067
0.301968
0.301868
0.301769
0.30167
0.301571
0.301472
0.301373
0.301273
0.301174
0.301075
0.300976
0.300877
0.300778
0.300679
0.300579
0.30048
0.300381
0.300282
0.300183
0.300084
0.299984
0.299885
0.299786
0.299687
0.299588
0.299489
0.299389
0.29929
0.299191
0.299092
0.298993
0.298893
0.298794
0.298695
0.298596
0.298497
0.298398
0.298298
0.298199
0.2981
0.298001
0.297902
0.297802
0.297703
0.297604
0.297505
0.297406
0.297307
0.297207
0.297108
0.297009
0.29691
0.296811
0.296711
0.296612
0.296513
0.296414
0.296315
0.296215
0.296116
0.296017
0.295918
0.295819
0.295719
0.29562
0.295521
0.295422
0.295323
0.295223
0.295124
0.295025
0.294926
0.294826
0.294727
0.294628
0.294529
0.29443
0.29433
0.294231
0.294132
0.294033
0.293933
0.293834
0.293735
0.293636
0.293537
0.293437
0.293338
0.293239
0.29314
0.29304
0.292941
0.292842
0.292743
0.292644
0.292544
0.292445
0.292346
0.292247
0.292147
0.292048
0.291949
0.29185
0.29175
0.291651
0.291552
0.291453
0.291353
0.291254
0.291155
0.291056
0.290956
0.290857
0.290758
0.290659
0.290559
0.29046
0.290361
0.290262
0.290162
0.290063
0.289964
0.289865
0.289765
0.289666
0.289567
0.289468
0.289368
0.289269
0.28917
0.289071
0.288971
0.288872
0.288773
0.288674
0.288574
0.288475
0.288376
0.288276
0.288177
0.288078
0.287979
0.287879
0.28778
0.287681
0.287582
0.287482
0.287383
0.287284
0.287184
0.287085
0.286986
0.286887
0.286787
0.286688
0.286589
0.286489
0.28639
0.286291
0.286192
0.286092
0.285993
0.285894
0.285794
0.285695
0.285596
0.285497
0.285397
0.285298
0.285199
0.285099
0.285
0.284901
0.284802
0.284702
0.284603
0.284504
0.284404
0.284305
0.284206
0.284106
0.284007
0.283908
0.283809
0.283709
0.28361
0.283511
0.283411
0.283312
0.283213
0.283113
0.283014
0.282915
0.282815
0.282716
0.282617
0.282517
0.282418
0.282319
0.28222
0.28212
0.282021
0.281922
0.281822
0.281723
0.281624
0.281524
0.281425
0.281326
0.281226
0.281127
0.281028
0.280928
0.280829
0.28073
0.28063
0.280531
0.280432
0.280332
0.280233
0.280134
0.280034
0.279935
0.279836
0.279736
0.279637
0.279538
0.279438
0.279339
0.27924
0.27914
0.279041
0.278942
0.278842
0.278743
0.278644
0.278544
0.278445
0.278346
0.278246
0.278147
0.278048
0.277948
0.277849
0.277749
0.27765
0.277551
0.277451
0.277352
0.277253
0.277153
0.277054
0.276955
0.276855
0.276756
0.276657
0.276557
0.276458
0.276358
0.276259
0.27616
0.27606
0.275961
0.275862
0.275762
0.275663
0.275564
0.275464
0.275365
0.275265
0.275166
0.275067
0.274967
0.274868
0.274769
0.274669
0.27457
0.27447
0.274371
0.274272
0.274172
0.274073
0.273974
0.273874
0.273775
0.273675
0.273576
0.273477
0.273377
0.273278
0.273179
0.273079
0.27298
0.27288
0.272781
0.272682
0.272582
0.272483
0.272383
0.272284
0.272185
0.272085
0.271986
0.271886
0.271787
0.271688
0.271588
0.271489
0.271389
0.27129
0.271191
0.271091
0.270992
0.270892
0.270793
0.270694
0.270594
0.270495
0.270395
0.270296
0.270197
0.270097
0.269998
0.269898
0.269799
0.2697
0.2696
0.269501
0.269401
0.269302
0.269203
0.269103
0.269004
0.268904
0.268805
0.268705
0.268606
0.268507
0.268407
0.268308
0.268208
0.268109
0.26801
0.26791
0.267811
0.267711
0.267612
0.267512
0.267413
0.267314
0.267214
0.267115
0.267015
0.266916
0.266816
0.266717
0.266618
0.266518
0.266419
0.266319
0.26622
0.26612
0.266021
0.265922
0.265822
0.265723
0.265623
0.265524
0.265424
0.265325
0.265226
0.265126
0.265027
0.264927
0.264828
0.264728
0.264629
0.264529
0.26443
0.264331
0.264231
0.264132
0.264032
0.263933
0.263833
0.263734
0.263634
0.263535
0.263436
0.263336
0.263237
0.263137
0.263038
0.262938
0.262839
0.262739
0.26264
0.26254
0.262441
0.262342
0.262242
0.262143
0.262043
0.261944
0.261844
0.261745
0.261645
0.261546
0.261446
0.261347
0.261247
0.261148
0.261049
0.260949
0.26085
0.26075
0.260651
0.260551
0.260452
0.260352
0.260253
0.260153
0.260054
0.259954
0.259855
0.259755
0.259656
0.259557
0.259457
0.259358
0.259258
0.259159
0.259059
0.25896
0.25886
0.258761
0.258661
0.258562
0.258462
0.258363
0.258263
0.258164
0.258064
0.257965
0.257865
0.257766
0.257666
0.257567
0.257467
0.257368
0.257268
0.257169
0.257069
0.25697
0.25687
0.256771
0.256671
0.256572
0.256473
0.256373
0.256274
0.256174
0.256075
0.255975
0.255876
0.255776
0.255677
0.255577
0.255478
0.255378
0.255279
0.255179
0.25508
0.25498
0.254881
0.254781
0.254682
0.254582
0.254483
0.254383
0.254284
0.254184
0.254085
0.253985
0.253885
0.253786
0.253686
0.253587
0.253487
0.253388
0.253288
0.253189
0.253089
0.25299
0.25289
0.252791
0.252691
0.252592
0.252492
0.252393
0.252293
0.252194
0.252094
0.251995
0.251895
0.251796
0.251696
0.251597
0.251497
0.251398
0.251298
0.251199
0.251099
0.251
0.2509
0.2508
0.250701
0.250601
0.250502
0.250402
0.250303
0.250203
0.250104
0.250004
0.249905
0.249805
0.249706
0.249606
0.249507
0.249407
0.249308
0.249208
0.249108
0.249009
0.248909
0.24881
0.24871
0.248611
0.248511
0.248412
0.248312
0.248213
0.248113
0.248014
0.247914
0.247814
0.247715
0.247615
0.247516
0.247416
0.247317
0.247217
0.247118
0.247018
0.246919
0.246819
0.246719
0.24662
0.24652
0.246421
0.246321
0.246222
0.246122
0.246023
0.245923
0.245823
0.245724
0.245624
0.245525
0.245425
0.245326
0.245226
0.245127
0.245027
0.244927
0.244828
0.244728
0.244629
0.244529
0.24443
0.24433
0.244231
0.244131
0.244031
0.243932
0.243832
0.243733
0.243633
0.243534
0.243434
0.243334
0.243235
0.243135
0.243036
0.242936
0.242837
0.242737
0.242638
0.242538
0.242438
0.242339
0.242239
0.24214
0.24204
0.241941
0.241841
0.241741
0.241642
0.241542
0.241443
0.241343
0.241243
0.241144
0.241044
0.240945
0.240845
0.240746
0.240646
0.240546
0.240447
0.240347
0.240248
0.240148
0.240049
0.239949
0.239849
0.23975
0.23965
0.239551
0.239451
0.239351
0.239252
0.239152
0.239053
0.238953
0.238853
0.238754
0.238654
0.238555
0.238455
0.238356
0.238256
0.238156
0.238057
0.237957
0.237858
0.237758
0.237658
0.237559
0.237459
0.23736
0.23726
0.23716
0.237061
0.236961
0.236862
0.236762
0.236662
0.236563
0.236463
0.236364
0.236264
0.236164
0.236065
0.235965
0.235866
0.235766
0.235666
0.235567
0.235467
0.235368
0.235268
0.235168
0.235069
0.234969
0.23487
0.23477
0.23467
0.234571
0.234471
0.234371
0.234272
0.234172
0.234073
0.233973
0.233873
0.233774
0.233674
0.233575
0.233475
0.233375
0.233276
0.233176
0.233076
0.232977
0.232877
0.232778
0.232678
0.232578
0.232479
0.232379
0.23228
0.23218
0.23208
0.231981
0.231881
0.231781
0.231682
0.231582
0.231483
0.231383
0.231283
0.231184
0.231084
0.230984
0.230885
0.230785
0.230686
0.230586
0.230486
0.230387
0.230287
0.230187
0.230088
0.229988
0.229889
0.229789
0.229689
0.22959
0.22949
0.22939
0.229291
0.229191
0.229091
0.228992
0.228892
0.228793
0.228693
0.228593
0.228494
0.228394
0.228294
0.228195
0.228095
0.227995
0.227896
0.227796
0.227696
0.227597
0.227497
0.227398
0.227298
0.227198
0.227099
0.226999
0.226899
0.2268
0.2267
0.2266
0.226501
0.226401
0.226301
0.226202
0.226102
0.226003
0.225903
0.225803
0.225704
0.225604
0.225504
0.225405
0.225305
0.225205
0.225106
0.225006
0.224906
0.224807
0.224707
0.224607
0.224508
0.224408
0.224308
0.224209
0.224109
0.224009
0.22391
0.22381
0.22371
0.223611
0.223511
0.223411
0.223312
0.223212
0.223113
0.223013
0.222913
0.222814
0.222714
0.222614
0.222515
0.222415
0.222315
0.222216
0.222116
0.222016
0.221917
0.221817
0.221717
0.221618
0.221518
0.221418
0.221319
0.221219
0.221119
0.22102
0.22092
0.22082
0.220721
0.220621
0.220521
0.220421
0.220322
0.220222
0.220122
0.220023
0.219923
0.219823
0.219724
0.219624
0.219524
0.219425
0.219325
0.219225
0.219126
0.219026
0.218926
0.218827
0.218727
0.218627
0.218528
0.218428
0.218328
0.218229
0.218129
0.218029
0.21793
0.21783
0.21773
0.21763
0.217531
0.217431
0.217331
0.217232
0.217132
0.217032
0.216933
0.216833
0.216733
0.216634
0.216534
0.216434
0.216335
0.216235
0.216135
0.216035
0.215936
0.215836
0.215736
0.215637
0.215537
0.215437
0.215338
0.215238
0.215138
0.215039
0.214939
0.214839
0.214739
0.21464
0.21454
0.21444
0.214341
0.214241
0.214141
0.214042
0.213942
0.213842
0.213742
0.213643
0.213543
0.213443
0.213344
0.213244
0.213144
0.213045
0.212945
0.212845
0.212745
0.212646
0.212546
0.212446
0.212347
0.212247
0.212147
0.212048
0.211948
0.211848
0.211748
0.211649
0.211549
0.211449
0.21135
0.21125
0.21115
0.21105
0.210951
0.210851
0.210751
0.210652
0.210552
0.210452
0.210352
0.210253
0.210153
0.210053
0.209954
0.209854
0.209754
0.209654
0.209555
0.209455
0.209355
0.209256
0.209156
0.209056
0.208956
0.208857
0.208757
0.208657
0.208558
0.208458
0.208358
0.208258
0.208159
0.208059
0.207959
0.20786
0.20776
0.20766
0.20756
0.207461
0.207361
0.207261
0.207161
0.207062
0.206962
0.206862
0.206763
0.206663
0.206563
0.206463
0.206364
0.206264
0.206164
0.206064
0.205965
0.205865
0.205765
0.205666
0.205566
0.205466
0.205366
0.205267
0.205167
0.205067
0.204967
0.204868
0.204768
0.204668
0.204569
0.204469
0.204369
0.204269
0.20417
0.20407
0.20397
0.20387
0.203771
0.203671
0.203571
0.203471
0.203372
0.203272
0.203172
0.203072
0.202973
0.202873
0.202773
0.202674
0.202574
0.202474
0.202374
0.202275
0.202175
0.202075
0.201975
0.201876
0.201776
0.201676
0.201576
0.201477
0.201377
0.201277
0.201177
0.201078
0.200978
0.200878
0.200778
0.200679
0.200579
0.200479
0.200379
0.20028
0.20018
0.20008
0.19998
0.199881
0.199781
0.199681
0.199581
0.199482
0.199382
0.199282
0.199182
0.199083
0.198983
0.198883
0.198783
0.198684
0.198584
0.198484
0.198384
0.198285
0.198185
0.198085
0.197985
0.197886
0.197786
0.197686
0.197586
0.197487
0.197387
0.197287
0.197187
0.197088
0.196988
0.196888
0.196788
0.196689
0.196589
0.196489
0.196389
0.196289
0.19619
0.19609
0.19599
0.19589
0.195791
0.195691
0.195591
0.195491
0.195392
0.195292
0.195192
0.195092
0.194993
0.194893
0.194793
0.194693
0.194593
0.194494
0.194394
0.194294
0.194194
0.194095
0.193995
0.193895
0.193795
0.193696
0.193596
0.193496
0.193396
0.193296
0.193197
0.193097
0.192997
0.192897
0.192798
0.192698
0.192598
0.192498
0.192399
0.192299
0.192199
0.192099
0.191999
0.1919
0.1918
0.1917
0.1916
0.191501
0.191401
0.191301
0.191201
0.191101
0.191002
0.190902
0.190802
0.190702
0.190603
0.190503
0.190403
0.190303
0.190203
0.190104
0.190004
0.189904
0.189804
0.189705
0.189605
0.189505
0.189405
0.189305
0.189206
0.189106
0.189006
0.188906
0.188806
0.188707
0.188607
0.188507
0.188407
0.188308
0.188208
0.188108
0.188008
0.187908
0.187809
0.187709
0.187609
0.187509
0.187409
0.18731
0.18721
0.18711
0.18701
0.18691
0.186811
0.186711
0.186611
0.186511
0.186412
0.186312
0.186212
0.186112
0.186012
0.185913
0.185813
0.185713
0.185613
0.185513
0.185414
0.185314
0.185214
0.185114
0.185014
0.184915
0.184815
0.184715
0.184615
0.184515
0.184416
0.184316
0.184216
0.184116
0.184016
0.183917
0.183817
0.183717
0.183617
0.183517
0.183418
0.183318
0.183218
0.183118
0.183018
0.182919
0.182819
0.182719
0.182619
0.182519
0.18242
0.18232
0.18222
0.18212
0.18202
0.181921
0.181821
0.181721
0.181621
0.181521
0.181422
0.181322
0.181222
0.181122
0.181022
0.180923
0.180823
0.180723
0.180623
0.180523
0.180423
0.180324
0.180224
0.180124
0.180024
0.179924
0.179825
0.179725
0.179625
0.179525
0.179425
0.179326
0.179226
0.179126
0.179026
0.178926
0.178826
0.178727
0.178627
0.178527
0.178427
0.178327
0.178228
0.178128
0.178028
0.177928
0.177828
0.177729
0.177629
0.177529
0.177429
0.177329
0.177229
0.17713
0.17703
0.17693
0.17683
0.17673
0.176631
0.176531
0.176431
0.176331
0.176231
0.176131
0.176032
0.175932
0.175832
0.175732
0.175632
0.175532
0.175433
0.175333
0.175233
0.175133
0.175033
0.174934
0.174834
0.174734
0.174634
0.174534
0.174434
0.174335
0.174235
0.174135
0.174035
0.173935
0.173835
0.173736
0.173636
0.173536
0.173436
0.173336
0.173237
0.173137
0.173037
0.172937
0.172837
0.172737
0.172638
0.172538
0.172438
0.172338
0.172238
0.172138
0.172039
0.171939
0.171839
0.171739
0.171639
0.171539
0.17144
0.17134
0.17124
0.17114
0.17104
0.17094
0.170841
0.170741
0.170641
0.170541
0.170441
0.170341
0.170242
0.170142
0.170042
0.169942
0.169842
0.169742
0.169643
0.169543
0.169443
0.169343
0.169243
0.169143
0.169043
0.168944
0.168844
0.168744
0.168644
0.168544
0.168444
0.168345
0.168245
0.168145
0.168045
0.167945
0.167845
0.167746
0.167646
0.167546
0.167446
0.167346
0.167246
0.167147
0.167047
0.166947
0.166847
0.166747
0.166647
0.166547
0.166448
0.166348
0.166248
0.166148
0.166048
0.165948
0.165849
0.165749
0.165649
0.165549
0.165449
0.165349
0.165249
0.16515
0.16505
0.16495
0.16485
0.16475
0.16465
0.16455
0.164451
0.164351
0.164251
0.164151
0.164051
0.163951
0.163852
0.163752
0.163652
0.163552
0.163452
0.163352
0.163252
0.163153
0.163053
0.162953
0.162853
0.162753
0.162653
0.162553
0.162454
0.162354
0.162254
0.162154
0.162054
0.161954
0.161854
0.161755
0.161655
0.161555
0.161455
0.161355
0.161255
0.161155
0.161056
0.160956
0.160856
0.160756
0.160656
0.160556
0.160456
0.160357
0.160257
0.160157
0.160057
0.159957
0.159857
0.159757
0.159658
0.159558
0.159458
0.159358
0.159258
0.159158
0.159058
0.158959
0.158859
0.158759
0.158659
0.158559
0.158459
0.158359
0.158259
0.15816
0.15806
0.15796
0.15786
0.15776
0.15766
0.15756
0.157461
0.157361
0.157261
0.157161
0.157061
0.156961
0.156861
0.156762
0.156662
0.156562
0.156462
0.156362
0.156262
0.156162
0.156062
0.155963
0.155863
0.155763
0.155663
0.155563
0.155463
0.155363
0.155263
0.155164
0.155064
0.154964
0.154864
0.154764
0.154664
0.154564
0.154464
0.154365
0.154265
0.154165
0.154065
0.153965
0.153865
0.153765
0.153666
0.153566
0.153466
0.153366
0.153266
0.153166
0.153066
0.152966
0.152867
0.152767
0.152667
0.152567
0.152467
0.152367
0.152267
0.152167
0.152067
0.151968
0.151868
0.151768
0.151668
0.151568
0.151468
0.151368
0.151268
0.151169
0.151069
0.150969
0.150869
0.150769
0.150669
0.150569
0.150469
0.15037
0.15027
0.15017
0.15007
0.14997
0.14987
0.14977
0.14967
0.14957
0.149471
0.149371
0.149271
0.149171
0.149071
0.148971
0.148871
0.148771
0.148672
0.148572
0.148472
0.148372
0.148272
0.148172
0.148072
0.147972
0.147872
0.147773
0.147673
0.147573
0.147473
0.147373
0.147273
0.147173
0.147073
0.146973
0.146874
0.146774
0.146674
0.146574
0.146474
0.146374
0.146274
0.146174
0.146074
0.145975
0.145875
0.145775
0.145675
0.145575
0.145475
0.145375
0.145275
0.145175
0.145076
0.144976
0.144876
0.144776
0.144676
0.144576
0.144476
0.144376
0.144276
0.144177
0.144077
0.143977
0.143877
0.143777
0.143677
0.143577
0.143477
0.143377
0.143277
0.143178
0.143078
0.142978
0.142878
0.142778
0.142678
0.142578
0.142478
0.142378
0.142279
0.142179
0.142079
0.141979
0.141879
0.141779
0.141679
0.141579
0.141479
0.141379
0.14128
0.14118
0.14108
0.14098
0.14088
0.14078
0.14068
0.14058
0.14048
0.14038
0.140281
0.140181
0.140081
0.139981
0.139881
0.139781
0.139681
0.139581
0.139481
0.139381
0.139282
0.139182
0.139082
0.138982
0.138882
0.138782
0.138682
0.138582
0.138482
0.138382
0.138283
0.138183
0.138083
0.137983
0.137883
0.137783
0.137683
0.137583
0.137483
0.137383
0.137283
0.137184
0.137084
0.136984
0.136884
0.136784
0.136684
0.136584
0.136484
0.136384
0.136284
0.136184
0.136085
0.135985
0.135885
0.135785
0.135685
0.135585
0.135485
0.135385
0.135285
0.135185
0.135085
0.134986
0.134886
0.134786
0.134686
0.134586
0.134486
0.134386
0.134286
0.134186
0.134086
0.133986
0.133887
0.133787
0.133687
0.133587
0.133487
0.133387
0.133287
0.133187
0.133087
0.132987
0.132887
0.132787
0.132688
0.132588
0.132488
0.132388
0.132288
0.132188
0.132088
0.131988
0.131888
0.131788
0.131688
0.131589
0.131489
0.131389
0.131289
0.131189
0.131089
0.130989
0.130889
0.130789
0.130689
0.130589
0.130489
0.13039
0.13029
0.13019
0.13009
0.12999
0.12989
0.12979
0.12969
0.12959
0.12949
0.12939
0.12929
0.12919
0.129091
0.128991
0.128891
0.128791
0.128691
0.128591
0.128491
0.128391
0.128291
0.128191
0.128091
0.127991
0.127892
0.127792
0.127692
0.127592
0.127492
0.127392
0.127292
0.127192
0.127092
0.126992
0.126892
0.126792
0.126692
0.126593
0.126493
0.126393
0.126293
0.126193
0.126093
0.125993
0.125893
0.125793
0.125693
0.125593
0.125493
0.125393
0.125293
0.125194
0.125094
0.124994
0.124894
0.124794
0.124694
0.124594
0.124494
0.124394
0.124294
0.124194
0.124094
0.123994
0.123894
0.123795
0.123695
0.123595
0.123495
0.123395
0.123295
0.123195
0.123095
0.122995
0.122895
0.122795
0.122695
0.122595
0.122495
0.122396
0.122296
0.122196
0.122096
0.121996
0.121896
0.121796
0.121696
0.121596
0.121496
0.121396
0.121296
0.121196
0.121096
0.120996
0.120897
0.120797
0.120697
0.120597
0.120497
0.120397
0.120297
0.120197
0.120097
0.119997
0.119897
0.119797
0.119697
0.119597
0.119497
0.119398
0.119298
0.119198
0.119098
0.118998
0.118898
0.118798
0.118698
0.118598
0.118498
0.118398
0.118298
0.118198
0.118098
0.117998
0.117898
0.117799
0.117699
0.117599
0.117499
0.117399
0.117299
0.117199
0.117099
0.116999
0.116899
0.116799
0.116699
0.116599
0.116499
0.116399
0.116299
0.1162
0.1161
0.116
0.1159
0.1158
0.1157
0.1156
0.1155
0.1154
0.1153
0.1152
0.1151
0.115
0.1149
0.1148
0.1147
0.1146
0.114501
0.114401
0.114301
0.114201
0.114101
0.114001
0.113901
0.113801
0.113701
0.113601
0.113501
0.113401
0.113301
0.113201
0.113101
0.113001
0.112901
0.112801
0.112702
0.112602
0.112502
0.112402
0.112302
0.112202
0.112102
0.112002
0.111902
0.111802
0.111702
0.111602
0.111502
0.111402
0.111302
0.111202
0.111102
0.111002
0.110902
0.110803
0.110703
0.110603
0.110503
0.110403
0.110303
0.110203
0.110103
0.110003
0.109903
0.109803
0.109703
0.109603
0.109503
0.109403
0.109303
0.109203
0.109103
0.109003
0.108904
0.108804
0.108704
0.108604
0.108504
0.108404
0.108304
0.108204
0.108104
0.108004
0.107904
0.107804
0.107704
0.107604
0.107504
0.107404
0.107304
0.107204
0.107104
0.107004
0.106904
0.106805
0.106705
0.106605
0.106505
0.106405
0.106305
0.106205
0.106105
0.106005
0.105905
0.105805
0.105705
0.105605
0.105505
0.105405
0.105305
0.105205
0.105105
0.105005
0.104905
0.104805
0.104705
0.104606
0.104506
0.104406
0.104306
0.104206
0.104106
0.104006
0.103906
0.103806
0.103706
0.103606
0.103506
0.103406
0.103306
0.103206
0.103106
0.103006
0.102906
0.102806
0.102706
0.102606
0.102506
0.102406
0.102306
0.102207
0.102107
0.102007
0.101907
0.101807
0.101707
0.101607
0.101507
0.101407
0.101307
0.101207
0.101107
0.101007
0.100907
0.100807
0.100707
0.100607
0.100507
0.100407
0.100307
0.100207
0.100107
0.100007
0.0999074
0.0998075
0.0997075
0.0996076
0.0995076
0.0994076
0.0993077
0.0992077
0.0991077
0.0990078
0.0989078
0.0988079
0.0987079
0.0986079
0.098508
0.098408
0.098308
0.0982081
0.0981081
0.0980081
0.0979082
0.0978082
0.0977082
0.0976083
0.0975083
0.0974084
0.0973084
0.0972084
0.0971085
0.0970085
0.0969085
0.0968086
0.0967086
0.0966086
0.0965087
0.0964087
0.0963087
0.0962088
0.0961088
0.0960088
0.0959089
0.0958089
0.0957089
0.095609
0.095509
0.095409
0.0953091
0.0952091
0.0951091
0.0950092
0.0949092
0.0948092
0.0947092
0.0946093
0.0945093
0.0944093
0.0943094
0.0942094
0.0941094
0.0940095
0.0939095
0.0938095
0.0937096
0.0936096
0.0935096
0.0934096
0.0933097
0.0932097
0.0931097
0.0930098
0.0929098
0.0928098
0.0927099
0.0926099
0.0925099
0.0924099
0.09231
0.09221
0.09211
0.0920101
0.0919101
0.0918101
0.0917101
0.0916102
0.0915102
0.0914102
0.0913103
0.0912103
0.0911103
0.0910103
0.0909104
0.0908104
0.0907104
0.0906104
0.0905105
0.0904105
0.0903105
0.0902106
0.0901106
0.0900106
0.0899106
0.0898107
0.0897107
0.0896107
0.0895107
0.0894108
0.0893108
0.0892108
0.0891108
0.0890109
0.0889109
0.0888109
0.0887109
0.088611
0.088511
0.088411
0.088311
0.0882111
0.0881111
0.0880111
0.0879111
0.0878112
0.0877112
0.0876112
0.0875112
0.0874113
0.0873113
0.0872113
0.0871113
0.0870113
0.0869114
0.0868114
0.0867114
0.0866114
0.0865115
0.0864115
0.0863115
0.0862115
0.0861115
0.0860116
0.0859116
0.0858116
0.0857116
0.0856117
0.0855117
0.0854117
0.0853117
0.0852117
0.0851118
0.0850118
0.0849118
0.0848118
0.0847118
0.0846119
0.0845119
0.0844119
0.0843119
0.0842119
0.084112
0.084012
0.083912
0.083812
0.083712
0.0836121
0.0835121
0.0834121
0.0833121
0.0832121
0.0831122
0.0830122
0.0829122
0.0828122
0.0827122
0.0826123
0.0825123
0.0824123
0.0823123
0.0822123
0.0821123
0.0820124
0.0819124
0.0818124
0.0817124
0.0816124
0.0815124
0.0814125
0.0813125
0.0812125
0.0811125
0.0810125
0.0809126
0.0808126
0.0807126
0.0806126
0.0805126
0.0804126
0.0803126
0.0802127
0.0801127
0.0800127
0.0799127
0.0798127
0.0797127
0.0796128
0.0795128
0.0794128
0.0793128
0.0792128
0.0791128
0.0790128
0.0789129
0.0788129
0.0787129
0.0786129
0.0785129
0.0784129
0.0783129
0.078213
0.078113
0.078013
0.077913
0.077813
0.077713
0.077613
0.0775131
0.0774131
0.0773131
0.0772131
0.0771131
0.0770131
0.0769131
0.0768131
0.0767132
0.0766132
0.0765132
0.0764132
0.0763132
0.0762132
0.0761132
0.0760132
0.0759133
0.0758133
0.0757133
0.0756133
0.0755133
0.0754133
0.0753133
0.0752133
0.0751133
0.0750134
0.0749134
0.0748134
0.0747134
0.0746134
0.0745134
0.0744134
0.0743134
0.0742134
0.0741134
0.0740135
0.0739135
0.0738135
0.0737135
0.0736135
0.0735135
0.0734135
0.0733135
0.0732135
0.0731135
0.0730135
0.0729136
0.0728136
0.0727136
0.0726136
0.0725136
0.0724136
0.0723136
0.0722136
0.0721136
0.0720136
0.0719136
0.0718136
0.0717137
0.0716137
0.0715137
0.0714137
0.0713137
0.0712137
0.0711137
0.0710137
0.0709137
0.0708137
0.0707137
0.0706137
0.0705137
0.0704137
0.0703138
0.0702138
0.0701138
0.0700138
0.0699138
0.0698138
0.0697138
0.0696138
0.0695138
0.0694138
0.0693138
0.0692138
0.0691138
0.0690138
0.0689138
0.0688138
0.0687138
0.0686138
0.0685139
0.0684139
0.0683139
0.0682139
0.0681139
0.0680139
0.0679139
0.0678139
0.0677139
0.0676139
0.0675139
0.0674139
0.0673139
0.0672139
0.0671139
0.0670139
0.0669139
0.0668139
0.0667139
0.0666139
0.0665139
0.0664139
0.0663139
0.0662139
0.0661139
0.0660139
0.0659139
0.0658139
0.0657139
0.0656139
0.065514
0.065414
0.065314
0.065214
0.065114
0.065014
0.064914
0.064814
0.064714
0.064614
0.064514
0.064414
0.064314
0.064214
0.064114
0.064014
0.063914
0.063814
0.063714
0.063614
0.063514
0.063414
0.063314
0.063214
0.063114
0.063014
0.062914
0.062814
0.062714
0.062614
0.062514
0.062414
0.062314
0.062214
0.062114
0.062014
0.061914
0.061814
0.061714
0.061614
0.061514
0.061414
0.061314
0.061214
0.061114
0.061014
0.060914
0.0608139
0.0607139
0.0606139
0.0605139
0.0604139
0.0603139
0.0602139
0.0601139
0.0600139
0.0599139
0.0598139
0.0597139
0.0596139
0.0595139
0.0594139
0.0593139
0.0592139
0.0591139
0.0590139
0.0589139
0.0588139
0.0587139
0.0586139
0.0585139
0.0584139
0.0583139
0.0582139
0.0581139
0.0580139
0.0579139
0.0578139
0.0577138
0.0576138
0.0575138
0.0574138
0.0573138
0.0572138
0.0571138
0.0570138
0.0569138
0.0568138
0.0567138
0.0566138
0.0565138
0.0564138
0.0563138
0.0562138
0.0561138
0.0560138
0.0559138
0.0558137
0.0557137
0.0556137
0.0555137
0.0554137
0.0553137
0.0552137
0.0551137
0.0550137
0.0549137
0.0548137
0.0547137
0.0546137
0.0545137
0.0544137
0.0543136
0.0542136
0.0541136
0.0540136
0.0539136
0.0538136
0.0537136
0.0536136
0.0535136
0.0534136
0.0533136
0.0532136
0.0531136
0.0530135
0.0529135
0.0528135
0.0527135
0.0526135
0.0525135
0.0524135
0.0523135
0.0522135
0.0521135
0.0520135
0.0519134
0.0518134
0.0517134
0.0516134
0.0515134
0.0514134
0.0513134
0.0512134
0.0511134
0.0510134
0.0509134
0.0508133
0.0507133
0.0506133
0.0505133
0.0504133
0.0503133
0.0502133
0.0501133
0.0500133
0.0499133
0.0498132
0.0497132
0.0496132
0.0495132
0.0494132
0.0493132
0.0492132
0.0491132
0.0490132
0.0489131
0.0488131
0.0487131
0.0486131
0.0485131
0.0484131
0.0483131
0.0482131
0.048113
0.048013
0.047913
0.047813
0.047713
0.047613
0.047513
0.047413
0.0473129
0.0472129
0.0471129
0.0470129
0.0469129
0.0468129
0.0467129
0.0466129
0.0465128
0.0464128
0.0463128
0.0462128
0.0461128
0.0460128
0.0459128
0.0458128
0.0457127
0.0456127
0.0455127
0.0454127
0.0453127
0.0452127
0.0451127
0.0450126
0.0449126
0.0448126
0.0447126
0.0446126
0.0445126
0.0444126
0.0443125
0.0442125
0.0441125
0.0440125
0.0439125
0.0438125
0.0437125
0.0436124
0.0435124
0.0434124
0.0433124
0.0432124
0.0431124
0.0430123
0.0429123
0.0428123
0.0427123
0.0426123
0.0425123
0.0424122
0.0423122
0.0422122
0.0421122
0.0420122
0.0419122
0.0418122
0.0417121
0.0416121
0.0415121
0.0414121
0.0413121
0.0412121
0.041112
0.041012
0.040912
0.040812
0.040712
0.0406119
0.0405119
0.0404119
0.0403119
0.0402119
0.0401119
0.0400118
0.0399118
0.0398118
0.0397118
0.0396118
0.0395118
0.0394117
0.0393117
0.0392117
0.0391117
0.0390117
0.0389116
0.0388116
0.0387116
0.0386116
0.0385116
0.0384116
0.0383115
0.0382115
0.0381115
0.0380115
0.0379115
0.0378114
0.0377114
0.0376114
0.0375114
0.0374114
0.0373113
0.0372113
0.0371113
0.0370113
0.0369113
0.0368112
0.0367112
0.0366112
0.0365112
0.0364112
0.0363111
0.0362111
0.0361111
0.0360111
0.0359111
0.035811
0.035711
0.035611
0.035511
0.035411
0.0353109
0.0352109
0.0351109
0.0350109
0.0349109
0.0348108
0.0347108
0.0346108
0.0345108
0.0344107
0.0343107
0.0342107
0.0341107
0.0340107
0.0339106
0.0338106
0.0337106
0.0336106
0.0335106
0.0334105
0.0333105
0.0332105
0.0331105
0.0330104
0.0329104
0.0328104
0.0327104
0.0326104
0.0325103
0.0324103
0.0323103
0.0322103
0.0321102
0.0320102
0.0319102
0.0318102
0.0317101
0.0316101
0.0315101
0.0314101
0.0313101
0.03121
0.03111
0.03101
0.03091
0.0308099
0.0307099
0.0306099
0.0305099
0.0304098
0.0303098
0.0302098
0.0301098
0.0300097
0.0299097
0.0298097
0.0297097
0.0296096
0.0295096
0.0294096
0.0293096
0.0292096
0.0291095
0.0290095
0.0289095
0.0288095
0.0287094
0.0286094
0.0285094
0.0284094
0.0283093
0.0282093
0.0281093
0.0280093
0.0279092
0.0278092
0.0277092
0.0276091
0.0275091
0.0274091
0.0273091
0.027209
0.027109
0.027009
0.026909
0.0268089
0.0267089
0.0266089
0.0265089
0.0264088
0.0263088
0.0262088
0.0261088
0.0260087
0.0259087
0.0258087
0.0257087
0.0256086
0.0255086
0.0254086
0.0253085
0.0252085
0.0251085
0.0250085
0.0249084
0.0248084
0.0247084
0.0246084
0.0245083
0.0244083
0.0243083
0.0242082
0.0241082
0.0240082
0.0239082
0.0238081
0.0237081
0.0236081
0.023508
0.023408
0.023308
0.023208
0.0231079
0.0230079
0.0229079
0.0228079
0.0227078
0.0226078
0.0225078
0.0224077
0.0223077
0.0222077
0.0221077
0.0220076
0.0219076
0.0218076
0.0217075
0.0216075
0.0215075
0.0214074
0.0213074
0.0212074
0.0211074
0.0210073
0.0209073
0.0208073
0.0207072
0.0206072
0.0205072
0.0204072
0.0203071
0.0202071
0.0201071
0.020007
0.019907
0.019807
0.0197069
0.0196069
0.0195069
0.0194069
0.0193068
0.0192068
0.0191068
0.0190067
0.0189067
0.0188067
0.0187066
0.0186066
0.0185066
0.0184065
0.0183065
0.0182065
0.0181065
0.0180064
0.0179064
0.0178064
0.0177063
0.0176063
0.0175063
0.0174062
0.0173062
0.0172062
0.0171061
0.0170061
0.0169061
0.016806
0.016706
0.016606
0.016506
0.0164059
0.0163059
0.0162059
0.0161058
0.0160058
0.0159058
0.0158057
0.0157057
0.0156057
0.0155056
0.0154056
0.0153056
0.0152055
0.0151055
0.0150055
0.0149054
0.0148054
0.0147054
0.0146053
0.0145053
0.0144053
0.0143052
0.0142052
0.0141052
0.0140051
0.0139051
0.0138051
0.013705
0.013605
0.013505
0.0134049
0.0133049
0.0132049
0.0131048
0.0130048
0.0129048
0.0128047
0.0127047
0.0126047
0.0125046
0.0124046
0.0123046
0.0122045
0.0121045
0.0120045
0.0119044
0.0118044
0.0117044
0.0116043
0.0115043
0.0114043
0.0113042
0.0112042
0.0111042
0.0110041
0.0109041
0.010804
0.010704
0.010604
0.0105039
0.0104039
0.0103039
0.0102038
0.0101038
0.0100038
0.00990373
0.0098037
0.00970366
0.00960363
0.00950359
0.00940356
0.00930352
0.00920349
0.00910345
0.00900341
0.00890338
0.00880334
0.00870331
0.00860327
0.00850323
0.0084032
0.00830316
0.00820313
0.00810309
0.00800305
0.00790302
0.00780298
0.00770294
0.00760291
0.00750287
0.00740284
0.0073028
0.00720276
0.00710273
0.00700269
0.00690265
0.00680262
0.00670258
0.00660254
0.0065025
0.00640247
0.00630243
0.00620239
0.00610236
0.00600232
0.00590228
0.00580224
0.00570221
0.00560217
0.00550213
0.00540209
0.00530206
0.00520202
0.00510198
0.00500194
0.00490191
0.00480187
0.00470183
0.00460179
0.00450175
0.00440172
0.00430168
0.00420164
0.0041016
0.00400156
0.00390153
0.00380149
0.00370145
0.00360141
0.00350137
0.00340133
0.0033013
0.00320126
0.00310122
0.00300118
0.00290114
0.0028011
0.00270106
0.00260103
0.00250099
0.00240095
0.00230091
0.00220087
0.00210083
0.00200079
0.00190075
0.00180071
0.00170067
0.00160063
0.0015006
0.00140056
0.00130052
0.00120048
0.00110044
0.0010004
0.000900358
0.000800319
0.000700279
0.000600239
0.0005002
0.00040016
0.00030012
0.00020008
0.00010004
